0.0978715792298317 0.07486498355865479
0.13436506688594818 0.10816149413585663
0.13220058381557465 0.12517672777175903
0.13007937371730804 0.13556455075740814
0.13506492972373962 0.13437406718730927
0.1408008635044098 0.12894941866397858
0.1429293006658554 0.1388978660106659
0.1429220587015152 0.14078056812286377
0.1379292756319046 0.14345848560333252
0.13148628175258636 0.13844379782676697
0.14007213711738586 0.13842904567718506
0.14649350941181183 0.13676980137825012
0.14151515066623688 0.1410481184720993
0.14936506748199463 0.14037799835205078
0.1393650621175766 0.1396268904209137
0.14650072157382965 0.14252083003520966
0.14078642427921295 0.14224593341350555
0.14505769312381744 0.14081734418869019
0.14578643441200256 0.14129355549812317
0.1443578451871872 0.14295288920402527
0.147914856672287 0.14508838951587677
0.1436435729265213 0.14535591006278992
0.1500721424818039 0.144172802567482
0.15436507761478424 0.14938144385814667
0.1543794870376587 0.14576582610607147
0.15292206406593323 0.1520225703716278
0.15080083906650543 0.15249142050743103
0.1543867290019989 0.1496342569589615
0.1550721675157547 0.1587039679288864
0.1507936418056488 0.1527000367641449
0.15865078568458557 0.16129355132579803
0.16651514172554016 0.16174766421318054
0.17796535789966583 0.16110703349113464
0.18580086529254913 0.1773122251033783
0.1800793707370758 0.18664948642253876
0.18440115451812744 0.18324248492717743
0.20151516795158386 0.19543687999248505
0.20223666727542877 0.19276630878448486
0.210115447640419 0.20157580077648163
0.2201010137796402 0.20994597673416138
0.23298701643943787 0.21925383806228638
0.23155121505260468 0.2332940399646759
0.2672799229621887 0.24637453258037567
0.25873735547065735 0.25302648544311523
0.258766233921051 0.27785468101501465
0.27156561613082886 0.273004412651062
0.29089465737342834 0.29160529375076294
0.2908730208873749 0.30520620942115784
0.31446605920791626 0.3030191659927368
0.3066233992576599 0.32121747732162476
0.31662335991859436 0.3449975550174713
0.3216233551502228 0.34336036443710327
0.3430735766887665 0.35934212803840637
0.3516233563423157 0.36144089698791504
0.36950936913490295 0.3781737983226776
0.38305920362472534 0.38861316442489624
0.3809884190559387 0.39905983209609985
0.40098124742507935 0.41298729181289673
0.4002380967140198 0.41952869296073914
0.4131385385990143 0.42631322145462036
0.40525251626968384 0.43338972330093384
0.44243866205215454 0.4264407753944397
0.439523845911026 0.43056195974349976
0.44456714391708374 0.446499764919281
0.44178929924964905 0.46031656861305237
0.4388672411441803 0.4579797387123108
0.4566521942615509 0.4755914807319641
0.46535348892211914 0.4839026927947998
0.4631962180137634 0.4873170852661133
0.49393215775489807 0.49513009190559387
0.4910677373409271 0.5051079988479614
0.47606056928634644 0.5141850709915161
0.4896319806575775 0.5071919560432434
0.501031756401062 0.5139027237892151
0.49822506308555603 0.5239763259887695
0.5224603414535522 0.5286498069763184
0.49823954701423645 0.5430387854576111
0.525382399559021 0.542331874370575
0.5131889581680298 0.545672595500946
0.5196391940116882 0.5480314493179321
0.5475396513938904 0.5706652402877808
0.5260606408119202 0.5685296058654785
0.5504040718078613 0.572295069694519
0.5689682364463806 0.5701669454574585
0.5374746918678284 0.5806504487991333
0.5547114014625549 0.5880240797996521
0.5610822439193726 0.5901963114738464
0.5761255621910095 0.5763352513313293
0.5754328966140747 0.601848304271698
0.5561399459838867 0.5930092930793762
0.5975252389907837 0.6054712533950806
0.596125602722168 0.611922025680542
0.5775179862976074 0.6118262410163879
0.5839827656745911 0.6185665130615234
0.5868614315986633 0.6102110743522644
0.6004184484481812 0.6225994229316711
0.5997258424758911 0.6289765238761902
0.6047186255455017 0.6399067640304565
0.6247258186340332 0.647643506526947
0.623282790184021 0.6431271433830261
0.6304473280906677 0.6392734050750732
0.6211472153663635 0.6397423148155212
0.629740297794342 0.6464163661003113
0.6083117127418518 0.6590206027030945
0.6297186613082886 0.6535517573356628
0.6283116936683655 0.6640867590904236
0.6246896982192993 0.6545704007148743
0.6376118659973145 0.6595041155815125
0.6526046395301819 0.6666544079780579
0.6297113299369812 0.6717132329940796
0.6576118469238281 0.6709253787994385
0.6454688906669617 0.6630460619926453
0.6440548300743103 0.6728594899177551
0.6511832475662231 0.6851889491081238
0.654747486114502 0.6845555901527405
0.6662048697471619 0.6848085522651672
0.6583260893821716 0.68622225522995
0.6583260893821716 0.6924275159835815
0.6525757908821106 0.6891089677810669
0.6676406860351562 0.7055153846740723
0.666926383972168 0.7059694528579712
0.6590043306350708 0.6969218850135803
0.6597835421562195 0.7117427587509155
0.6683260798454285 0.7107461094856262
0.6733477711677551 0.7064677476882935
0.6818831562995911 0.7049802541732788
0.6718975305557251 0.7236326932907104
0.6940547823905945 0.7193396687507629
0.6983477473258972 0.7179405689239502
0.7019047141075134 0.7266839146614075
0.6855121850967407 0.7245556116104126
0.6905049681663513 0.7243248224258423
0.6897907257080078 0.7214457392692566
0.6990764737129211 0.7231490612030029
0.7055339217185974 0.7257167100906372
0.6983550190925598 0.7438856363296509
0.6976190209388733 0.7388414144515991
0.7097907066345215 0.7314824461936951
0.7147835493087769 0.7390721440315247
0.7005049586296082 0.7438119053840637
0.7062265276908875 0.7384019494056702
0.7162193059921265 0.7493101954460144
0.7176478505134583 0.7510505318641663
0.7212122678756714 0.7516838312149048
0.7112482190132141 0.7550171613693237
0.7204977869987488 0.7566912174224854
0.7205265760421753 0.7510356307029724
0.7112337946891785 0.7698159217834473
0.7197834849357605 0.7631787061691284
0.7112120985984802 0.752947986125946
0.7276478409767151 0.7622115612030029
0.7262264490127563 0.7612444758415222
0.7276695966720581 0.7671747803688049
0.7376623749732971 0.7707902789115906
0.7362121343612671 0.7715194225311279
0.7262482047080994 0.7710505127906799
0.7334054112434387 0.770054042339325
0.7319191098213196 0.7751202583312988
0.7304978370666504 0.7763106822967529
0.7490835785865784 0.7795998454093933
0.7484054565429688 0.7796145677566528
0.7369335889816284 0.7819734215736389
0.7433982491493225 0.7808125615119934
0.7569408416748047 0.7791457176208496
0.7591342329978943 0.785834550857544
0.7405194640159607 0.7862961292266846
0.7583694458007812 0.7813107371330261
0.7591196894645691 0.7884460687637329
0.7455555200576782 0.7915120720863342
0.7476695775985718 0.789629340171814
0.7498412132263184 0.7915047407150269
0.7526912093162537 0.7945778965950012
0.7569696307182312 0.7984094023704529
0.7555338740348816 0.7981492280960083
0.7655555009841919 0.8015047907829285
0.7548412084579468 0.8089150786399841
0.7662914991378784 0.8024716973304749
0.766269862651825 0.8000981211662292
0.765533983707428 0.8043690919876099
0.7591124773025513 0.8000760078430176
0.7633982300758362 0.8100688457489014
0.772705614566803 0.8106111884117126
0.7698412537574768 0.8084315061569214
0.7512553930282593 0.8114678263664246
0.7576695084571838 0.816779613494873
0.792684018611908 0.8102700114250183
0.7812698483467102 0.8124644160270691
0.7662481069564819 0.8184830546379089
0.7655122876167297 0.810105562210083
0.7748628854751587 0.8198821544647217
0.7734342813491821 0.8210875391960144
0.7755483388900757 0.8289076685905457
0.7927271723747253 0.8238708972930908
0.7798267602920532 0.8179848790168762
0.7719984650611877 0.822307288646698
0.7870057821273804 0.8274716734886169
0.7776910662651062 0.8194133043289185
0.7898555994033813 0.8346589207649231
0.8012770414352417 0.8265413641929626
0.7841414213180542 0.8246146440505981
0.776269793510437 0.831332802772522
0.7862481474876404 0.8303804993629456
0.7934343218803406 0.8363106846809387
0.7798628807067871 0.8377689123153687
0.7848702073097229 0.8279774785041809
0.789126992225647 0.8384535908699036
0.7819624543190002 0.8413034081459045
0.7812986969947815 0.8381933569908142
0.7912697792053223 0.8412961363792419
0.7905339002609253 0.8402994871139526
0.8005915880203247 0.8503068089485168
0.7841413617134094 0.844435453414917
0.7905482649803162 0.8389445543289185
0.8062842488288879 0.8465340733528137
0.7962988018989563 0.8486695885658264
0.7862697839736938 0.8474938273429871
0.7898268103599548 0.849168062210083
0.8098773956298828 0.848446249961853
0.7912915349006653 0.8546513915061951
0.7848196625709534 0.8505892157554626
0.7970056533813477 0.8541752696037292
0.7991629838943481 0.8565341234207153
0.8070273995399475 0.8501349687576294
0.805555522441864 0.8496809601783752
0.8034199476242065 0.8532302379608154
0.7998772859573364 0.8546736836433411
0.8134487867355347 0.8519807457923889
0.8048917651176453 0.8501055836677551
0.8062914609909058 0.8615710139274597
0.8041414022445679 0.8599189519882202
0.809870183467865 0.8595925569534302
0.8012624979019165 0.8592268824577332
0.8077128529548645 0.8613108396530151
0.8155555725097656 0.8608641028404236
0.8120201826095581 0.8637062907218933
0.8120273947715759 0.8596956133842468
0.8084559440612793 0.8589297533035278
0.8069984316825867 0.8644280433654785
0.8091412782669067 0.8591752648353577
0.8098629713058472 0.8620471954345703
0.806984007358551 0.8653804063796997
0.8077343702316284 0.8663182854652405
0.8162626028060913 0.8718090057373047
0.8127344846725464 0.8663327097892761
0.8134487867355347 0.8691973090171814
0.8205915093421936 0.8680216670036316
0.8127343058586121 0.874636709690094
0.8098773956298828 0.8756259083747864
0.8127272725105286 0.8772704601287842
0.8134198784828186 0.8734461665153503
0.8234127759933472 0.8787285089492798
0.809870183467865 0.8811020851135254
0.8219696879386902 0.8753733038902283
0.8298702239990234 0.8763476610183716
0.8377489447593689 0.8748746514320374
0.833463191986084 0.8803508281707764
0.8205771446228027 0.8805888295173645
0.8313059210777283 0.8794354200363159
0.8277345299720764 0.875365674495697
0.840577244758606 0.8770765662193298
0.8212986588478088 0.8784976005554199
0.8262842893600464 0.8861019611358643
0.8305844068527222 0.8832818865776062
0.8227273225784302 0.8808860778808594
0.8270345330238342 0.878259539604187
0.8148700594902039 0.8860872983932495
0.8262626528739929 0.8830140233039856
0.8384488224983215 0.8813401460647583
0.8320130705833435 0.887039840221405
0.8277272582054138 0.8891751170158386
0.837020218372345 0.8872999548912048
0.8263058066368103 0.8848820924758911
0.8399061560630798 0.886607825756073
0.8413131833076477 0.8875307440757751
0.8370346426963806 0.888512372970581
0.8384488224983215 0.8882302045822144
0.8227201104164124 0.8975528478622437
0.8305844664573669 0.8977612853050232
0.8212987184524536 0.8954025506973267
0.839891791343689 0.8960946202278137
0.8205699920654297 0.8989371061325073
0.8312987089157104 0.8932744860649109
0.8284271359443665 0.8915855884552002
0.8362987637519836 0.8982375860214233
0.8455843925476074 0.8970912098884583
0.8470491170883179 0.8910874128341675
0.8398845791816711 0.8991900682449341
0.8477489352226257 0.897790789604187
0.8377273678779602 0.8986989855766296
0.8391629457473755 0.8968310356140137
0.8434633016586304 0.9051570892333984
0.8456205129623413 0.8987357020378113
0.8448845148086548 0.8951644897460938
0.8462986946105957 0.9072262644767761
0.8348774313926697 0.9004098773002625
0.8412914276123047 0.9036917090415955
0.8320056796073914 0.8994649052619934
0.8377489447593689 0.9042195081710815
0.8384631872177124 0.9004173278808594
0.8420418500900269 0.8999484181404114
0.8448773622512817 0.8994501233100891
0.8470274209976196 0.9037212133407593
0.8420201539993286 0.9046955108642578
0.843463122844696 0.9049410223960876
0.8362841606140137 0.90849769115448
0.8484487533569336 0.9025305509567261
0.8512843251228333 0.9108936786651611
0.8513059616088867 0.9089593291282654
0.8356060981750488 0.9070912599563599
0.8448845148086548 0.9161168336868286
0.8541774749755859 0.9030510783195496
0.84559166431427 0.9116150736808777
0.8491846919059753 0.9060800671577454
0.854898989200592 0.9142340421676636
0.8527560830116272 0.9094647765159607
0.8413275480270386 0.9128055572509766
0.8470345735549927 0.9149336218833923
0.8491846919059753 0.911146342754364
0.8549062013626099 0.9132816791534424
0.8462987542152405 0.9151644706726074
0.8655843734741211 0.9151423573493958
0.8491845726966858 0.9159082770347595
0.8477560877799988 0.9182815551757812
0.8570490479469299 0.9185418486595154
0.853448748588562 0.9196955561637878
0.8656277060508728 0.9175454378128052
0.862756073474884 0.9170987010002136
0.8556204438209534 0.9120911359786987
0.8506060838699341 0.9185492396354675
0.8498989939689636 0.9144353270530701
0.8641701936721802 0.9139740467071533
0.8577417135238647 0.9199410676956177
0.8577633500099182 0.917076587677002
0.8527345657348633 0.9230656623840332
0.8541918992996216 0.9142268300056458
0.8541774749755859 0.92042475938797
0.8598845601081848 0.9189592003822327
0.8577200770378113 0.9201496839523315
0.8548845052719116 0.9216002225875854
0.8598846197128296 0.9173440337181091
0.8555988073348999 0.9292488098144531
0.8670201897621155 0.9232890009880066
0.8648845553398132 0.9232742786407471
0.861327588558197 0.9249335527420044
0.8541919589042664 0.9290032386779785
0.8506060242652893 0.9278202056884766
0.8527560830116272 0.9220837950706482
0.8634703755378723 0.9246810078620911
0.8620562553405762 0.92473965883255
0.864177405834198 0.9263917207717896
0.8556060791015625 0.9282450079917908
0.8656132817268372 0.9266297221183777
0.8627344965934753 0.9256331920623779
0.8556061387062073 0.9290105700492859
0.8684704899787903 0.930409848690033
0.8727561235427856 0.9223366975784302
0.8599062561988831 0.9297471642494202
0.8570346236228943 0.9292339086532593
0.8713348507881165 0.9333111643791199
0.8734704256057739 0.9316372871398926
0.8548845648765564 0.925878643989563
0.8648990988731384 0.9332890510559082
0.8698845505714417 0.9333111643791199
0.8563059568405151 0.9275674223899841
0.8634776473045349 0.9311167597770691
0.8677706122398376 0.9351717829704285
0.8598846197128296 0.9330286979675293
0.8820489645004272 0.9304320216178894
0.865620493888855 0.9337506294250488
0.8699133992195129 0.934234082698822
0.8706349730491638 0.9375969171524048
0.8613130450248718 0.9359082579612732
0.8606132864952087 0.935915470123291
0.8677632212638855 0.931651771068573
0.8684921264648438 0.9370763897895813
0.8648918271064758 0.9392266273498535
0.8634704947471619 0.9378055334091187
0.8742062449455261 0.939010739326477
0.8784559965133667 0.9385270476341248
0.8627633452415466 0.9387431144714355
0.8677560091018677 0.9430729746818542
0.8763203024864197 0.9361240863800049
0.8756204843521118 0.9397397041320801
0.864170253276825 0.9390255212783813
0.8691774010658264 0.9401940703392029
0.863463282585144 0.9437729120254517
0.8784704208374023 0.941860556602478
0.8734704256057739 0.9435197114944458
0.8670418858528137 0.9459301829338074
0.8799133896827698 0.9418604969978333
0.8677777647972107 0.9451937079429626
0.8656204342842102 0.9406847357749939
0.8720346093177795 0.9440107941627502
0.8784559965133667 0.9430729746818542
0.8798990249633789 0.9461315870285034
0.867756187915802 0.94395911693573
0.875620424747467 0.9468753337860107
0.8777850866317749 0.9440179467201233
0.8691991567611694 0.9463917016983032
0.8741918206214905 0.9430583119392395
0.8663420677185059 0.9466075897216797
0.8741990923881531 0.9487798810005188
0.8684559464454651 0.949487030506134
0.8713347315788269 0.9447396397590637
0.8792063593864441 0.9466370940208435
0.8770707249641418 0.948073148727417
0.8791990876197815 0.94757479429245
0.8877705931663513 0.9480435252189636
0.8756204843521118 0.9492634534835815
0.8820346593856812 0.9480435252189636
0.8806133270263672 0.9490108489990234
0.879170298576355 0.9449706077575684
0.8684992790222168 0.950670063495636
0.878491997718811 0.9454466700553894
0.8841919302940369 0.9487653374671936
0.8734704256057739 0.9509226679801941
0.8820562362670898 0.9475746154785156
0.8713420629501343 0.9518678784370422
0.8834920525550842 0.9490033388137817
0.8691918253898621 0.9559303522109985
0.8899062871932983 0.9466225504875183
0.8827489614486694 0.9540034532546997
0.8813348412513733 0.9542708396911621
0.8870635032653809 0.9513843059539795
0.8820562958717346 0.9509081244468689
0.8834704160690308 0.954501748085022
0.8791990876197815 0.9570988416671753
0.8991991281509399 0.9549704194068909
0.8992207646369934 0.9530583620071411
0.870606005191803 0.9554025530815125
0.8849133849143982 0.9509228467941284
0.8770562410354614 0.9532964825630188
0.8884992599487305 0.9532965421676636
0.8927849531173706 0.9525821208953857
0.8892064094543457 0.9597398042678833
0.8877705335617065 0.9566519856452942
0.8813709020614624 0.9568750262260437
0.8770274519920349 0.9537801146507263
0.8720635771751404 0.956146240234375
0.8777344822883606 0.9573515057563782
0.8834992051124573 0.9606996178627014
0.8841991424560547 0.9546809196472168
0.8798845410346985 0.9587798118591309
0.8799277544021606 0.9540179967880249
0.878484845161438 0.9585566520690918
0.8863563537597656 0.9592413902282715
0.8784992098808289 0.9573587775230408
0.8813420534133911 0.958541750907898
0.8791847229003906 0.9549704790115356
0.8899134397506714 0.9599557518959045
0.8856349587440491 0.9571132659912109
0.8849278092384338 0.9613842964172363
0.8927633166313171 0.9585418701171875
0.8906132578849792 0.9583112001419067
0.8949206471443176 0.9611684083938599
0.889920711517334 0.9654465913772583
0.8949207067489624 0.9621060490608215
0.8870707154273987 0.9582890272140503
0.876305878162384 0.9633108973503113
0.8727489113807678 0.9599630236625671
0.8842063546180725 0.9592486619949341
0.8806276917457581 0.9616223573684692
0.8956276774406433 0.9632890820503235
0.8985064625740051 0.9575748443603516
0.8927777409553528 0.964219331741333
0.8927704691886902 0.958527147769928
0.8927849531173706 0.9599778056144714
0.8920707106590271 0.9623515009880066
0.8863635659217834 0.9611903429031372
0.8935064673423767 0.9597398042678833
0.8927705883979797 0.9630951881408691
0.8920707106590271 0.9637872576713562
0.8942134976387024 0.9652158617973328
0.8884993195533752 0.9625821113586426
0.8891773819923401 0.9630655646324158
0.8899134397506714 0.9659153819084167
0.8999061584472656 0.9640328288078308
0.8963347673416138 0.9576043486595154
0.9013636708259583 0.9644869565963745
0.8834993243217468 0.9604466557502747
0.8941918611526489 0.9685343503952026
0.8899350166320801 0.9669046998023987
0.8949061632156372 0.9635417461395264
0.8856276869773865 0.967596709728241
0.9063564538955688 0.9654539823532104
0.884184718132019 0.9659375548362732
0.8956349492073059 0.9675967693328857
0.9006348848342896 0.9695014953613281
0.8892064094543457 0.9725821614265442
0.8934992551803589 0.9682890772819519
0.8970707058906555 0.9645088911056519
0.8906275629997253 0.9697544574737549
0.8942136168479919 0.9659375548362732
0.893484890460968 0.9692708849906921
0.8977777361869812 0.9723439812660217
0.894913375377655 0.9692708253860474
0.8942135572433472 0.969977855682373
0.8906421065330505 0.9738019108772278
0.8942135572433472 0.9678422808647156
0.8977776765823364 0.9721131920814514
0.8949206471443176 0.9659302234649658
0.90134197473526 0.9664062261581421
0.9006348848342896 0.9661756157875061
0.9056276082992554 0.9690253734588623
0.9084848761558533 0.9704393744468689
0.897092342376709 0.9687872529029846
0.8913419842720032 0.9728129506111145
0.8999277353286743 0.9706994891166687
0.8949350118637085 0.9661681652069092
0.896334707736969 0.9716371893882751
0.891342043876648 0.9725896120071411
0.90134197473526 0.9718972444534302
0.9006349444389343 0.9752160310745239
0.8891918063163757 0.9692708849906921
0.8998845219612122 0.9721354246139526
0.8913275599479675 0.9752230644226074
0.907077968120575 0.9740033745765686
0.8949134945869446 0.9697396159172058
0.8999133706092834 0.9728350043296814
0.8870490193367004 0.9721133708953857
0.9099349975585938 0.9697543382644653
0.903499186038971 0.9768973588943481
0.8985065221786499 0.974955677986145
0.9006276726722717 0.9680805206298828
0.9056204557418823 0.9706774353981018
0.897049069404602 0.9749853014945984
0.8984993100166321 0.9756920337677002
0.8906276822090149 0.9728570580482483
0.8949422836303711 0.9752305150032043
0.8970562219619751 0.9733038544654846
0.8956204056739807 0.9733258485794067
0.899228036403656 0.9730803966522217
0.9027848839759827 0.9759301543235779
0.9020851850509644 0.9759374260902405
0.8970634341239929 0.9752159118652344
0.9084704518318176 0.9704467058181763
0.9041847586631775 0.9725968241691589
0.9006276726722717 0.9747471809387207
0.9013708233833313 0.9773736000061035
0.904213547706604 0.976622462272644
0.8942064046859741 0.9768973588943481
0.9035064578056335 0.9754685759544373
0.8984703421592712 0.9768972992897034
0.9006277322769165 0.9802306294441223
0.9013635516166687 0.9749705195426941
0.9049205780029297 0.9783185124397278
0.8984991908073425 0.9752233624458313
0.904906153678894 0.9752306938171387
0.9134992361068726 0.9788020253181458
0.912070631980896 0.978787362575531
0.8977705240249634 0.9795089960098267
0.9042208790779114 0.9792782068252563
0.8970636129379272 0.9759007692337036
0.9006349444389343 0.9749998450279236
0.9035063982009888 0.975208580493927
0.9049206376075745 0.9788093566894531
0.8892135620117188 0.9800000786781311
0.9049278497695923 0.975692093372345
0.9020779728889465 0.9771206974983215
0.9056493639945984 0.9785712957382202
0.8999133706092834 0.977373480796814
0.9106277823448181 0.979285478591919
0.9106420874595642 0.978073000907898
0.9041919112205505 0.9776042699813843
0.9099062085151672 0.9794942736625671
0.907085120677948 0.9776042103767395
0.9077561497688293 0.9761830568313599
0.9113563895225525 0.9785491228103638
0.9084848165512085 0.9807068109512329
0.894913375377655 0.9785492420196533
0.9084993004798889 0.9816445112228394
0.9020490050315857 0.974977970123291
0.9013131260871887 0.9797545075416565
0.9070634841918945 0.9823733568191528
0.9027777314186096 0.9828571081161499
0.905663788318634 0.9806996583938599
0.9120635390281677 0.9797471165657043
0.9027994275093079 0.9816445112228394
0.9127994179725647 0.9823809862136841
0.9099422693252563 0.9845016002655029
0.9077994227409363 0.9773586988449097
0.9056420922279358 0.9816666841506958
0.9070779085159302 0.9816372394561768
0.8999061584472656 0.9802305102348328
0.9099349975585938 0.9809449315071106
0.9056493043899536 0.981882631778717
0.9070706963539124 0.9830877184867859
0.9034920930862427 0.9806848168373108
0.903499186038971 0.981644332408905
0.9006709456443787 0.9787948131561279
0.9056420922279358 0.9811756610870361
0.9078065752983093 0.9823734760284424
0.9042134881019592 0.9818975329399109
0.9120851755142212 0.978787362575531
0.9077922105789185 0.9840475916862488
0.9056420922279358 0.9847618937492371
0.9049206376075745 0.9799998998641968
0.8984704613685608 0.9807068109512329
0.9077921509742737 0.9845236539840698
0.9120922684669495 0.9816592931747437
0.9084848761558533 0.9821282625198364
0.9034704566001892 0.9847398400306702
0.9070562720298767 0.983564019203186
0.8999423384666443 0.980937659740448
0.9063708186149597 0.9852086901664734
0.9099206328392029 0.9854761958122253
0.9056421518325806 0.9797396063804626
0.9077849984169006 0.9818677306175232
0.9113563299179077 0.9835638999938965
0.9070490598678589 0.9823662042617798
0.9149206876754761 0.983802080154419
0.9099278450012207 0.9845016002655029
0.9149494767189026 0.9873661994934082
0.9228066802024841 0.983564019203186
0.9070779085159302 0.9814284443855286
0.9177921414375305 0.9833332300186157
0.9092279672622681 0.9835567474365234
0.9034848809242249 0.985944926738739
0.9006349444389343 0.9847471117973328
0.9177922606468201 0.9859450459480286
0.9013563394546509 0.9854762554168701
0.9091991782188416 0.9850000739097595
0.9042350649833679 0.983564019203186
0.9134920835494995 0.9840105772018433
0.9099422693252563 0.9868972301483154
0.9099206924438477 0.9835491180419922
0.9099422693252563 0.985230565071106
0.916385293006897 0.9871354699134827
0.9177994132041931 0.982604444026947
0.9056276679039001 0.9885640740394592
0.9242134094238281 0.9840254187583923
0.9070634841918945 0.985944926738739
0.9120851755142212 0.9856995344161987
0.905634880065918 0.9861829876899719
0.9099351167678833 0.9830731153488159
0.9120851755142212 0.9861831665039062
0.9163708686828613 0.9833258390426636
0.9106349349021912 0.9842711091041565
0.9134921431541443 0.9840402007102966
0.9127994179725647 0.9880877733230591
0.9149494171142578 0.9887948036193848
0.9063636660575867 0.9876190423965454
0.9113636016845703 0.986897349357605
0.9120995402336121 0.9876116514205933
0.9113636016845703 0.9840401411056519
0.9134992361068726 0.9878423810005188
0.9227994084358215 0.9857068657875061
0.9091991186141968 0.9849704504013062
0.9185064435005188 0.9878571033477783
0.9134992361068726 0.984032928943634
0.9128065705299377 0.987366259098053
0.9177994132041931 0.9871354699134827
0.9099350571632385 0.9909377098083496
0.9163347482681274 0.9885567426681519
0.9199638962745667 0.9873661994934082
0.9099278450012207 0.9854760766029358
0.9199422597885132 0.9888021349906921
0.9227994084358215 0.9892709851264954
0.9085065126419067 0.9833332896232605
0.912070631980896 0.9897398352622986
0.9142134785652161 0.9864212274551392
0.9120922684669495 0.9854394793510437
0.9177922010421753 0.9897620677947998
0.9206493496894836 0.9854688048362732
0.913513720035553 0.9857142567634583
0.9199350476264954 0.991190493106842
0.9163492918014526 0.9871355891227722
0.909220814704895 0.9878496527671814
0.9091992378234863 0.9878497123718262
0.9120851159095764 0.988095223903656
0.919942319393158 0.9854613542556763
0.9149350523948669 0.9880877733230591
0.9185209274291992 0.9909451007843018
0.9070634841918945 0.9880878925323486
0.922085165977478 0.9890400767326355
0.915656566619873 0.9904688000679016
0.9185137152671814 0.9857068061828613
0.9170851111412048 0.9933334589004517
0.9099206328392029 0.9876042604446411
0.9199567437171936 0.9923809766769409
0.9220923185348511 0.9909523725509644
0.9135209321975708 0.9899853467941284
0.9106493592262268 0.992142915725708
0.910671055316925 0.9909449219703674
0.9213709235191345 0.991421103477478
0.9242135286331177 0.9904614686965942
0.9177850484848022 0.9904762506484985
0.9078139066696167 0.9887948036193848
0.9192208051681519 0.9885638952255249
0.9199134111404419 0.9900001287460327
0.9092134833335876 0.9885714650154114
0.919949471950531 0.9899999499320984
0.9142135381698608 0.9868752360343933
0.9220634698867798 0.988325834274292
0.9199350476264954 0.989040195941925
0.9135136604309082 0.990476131439209
0.913513720035553 0.9909523725509644
0.9170706868171692 0.9921427965164185
0.9142352342605591 0.9880953431129456
0.9213852286338806 0.988318681716919
0.9163708686828613 0.9885640144348145
0.9184848070144653 0.9888021349906921
0.9106493592262268 0.9887948036193848
0.9213636517524719 0.9909449219703674
0.9113564491271973 0.9909449219703674
0.9142135381698608 0.9914212226867676
0.9220706224441528 0.9897618293762207
0.9192062616348267 0.9926116466522217
0.9134920835494995 0.992142915725708
0.9149494767189026 0.9914284944534302
0.919206440448761 0.990706741809845
0.9177922010421753 0.9895164966583252
0.9213780760765076 0.9892711639404297
0.9256638288497925 0.9923735857009888
0.9199351072311401 0.9900000691413879
0.9199351072311401 0.9895237684249878
0.9270851016044617 0.9933185577392578
0.9185137152671814 0.9923809766769409
0.916385293006897 0.9938095808029175
0.9170706868171692 0.9911831617355347
0.9256493449211121 0.9918753504753113
0.9156420826911926 0.9918974041938782
0.9199495315551758 0.9928571581840515
0.9178065657615662 0.9952380657196045
0.9242134690284729 0.9909523725509644
0.9078065752983093 0.990476131439209
0.9228066802024841 0.9890329241752625
0.9135064482688904 0.9911904335021973
0.9235065579414368 0.9926190972328186
0.9156781435012817 0.9919046759605408
0.9184992909431458 0.9945091009140015
0.9220995306968689 0.9933333396911621
0.9263635873794556 0.9914286732673645
0.913513720035553 0.9914284944534302
0.9270706176757812 0.9895237684249878
0.9292207360267639 0.9933332800865173
0.9199638962745667 0.989992618560791
0.9120850563049316 0.9916666746139526
0.9213564991950989 0.9918826818466187
0.9099350571632385 0.9933258891105652
0.9099278450012207 0.992142915725708
0.9277922511100769 0.9911830425262451
0.92779940366745 0.9911757707595825
0.9056349396705627 0.9930952787399292
0.9192280173301697 0.9935640692710876
0.907085120677948 0.9916666746139526
0.9120922684669495 0.992373526096344
0.9235065579414368 0.991428554058075
0.9199351072311401 0.9899999499320984
0.9213709235191345 0.9926190972328186
0.9113636016845703 0.9940476417541504
0.9270921945571899 0.9904686808586121
0.9184992909431458 0.9897618889808655
0.9177994132041931 0.9950000047683716
0.9185065031051636 0.9921280741691589
0.9127994179725647 0.9928570985794067
0.9256637692451477 0.9921427965164185
0.9199206233024597 0.9918901324272156
0.9285136461257935 0.9947618842124939
0.9192208051681519 0.9909449815750122
0.9242280125617981 0.9921355247497559
0.9156637787818909 0.9938095808029175
0.9306492805480957 0.9933186769485474
0.9285138249397278 0.993571400642395
0.9206493496894836 0.9940476417541504
0.917077898979187 0.993571400642395
0.9306565523147583 0.9902306795120239
0.9263636469841003 0.9933258891105652
0.924934983253479 0.9935639500617981
0.9235137104988098 0.9942858815193176
0.9270994067192078 0.9942855834960938
0.9185064435005188 0.9933112263679504
0.9249277114868164 0.9942784309387207
0.9163419008255005 0.9935640692710876
0.9249566197395325 0.9933186769485474
0.9149349927902222 0.9945240020751953
0.9227921366691589 0.993087887763977
0.9192352294921875 0.9933332800865173
0.9192280769348145 0.9921281933784485
0.9277995228767395 0.9930953979492188
0.9156492948532104 0.9940477013587952
0.9142280220985413 0.9928498268127441
0.9156566262245178 0.9921427965164185
0.9249494671821594 0.9945237040519714
0.917070746421814 0.993571400642395
0.9227921366691589 0.9938021302223206
0.9192063212394714 0.9947619438171387
0.9249566793441772 0.9950000047683716
0.9234920144081116 0.9938021898269653
0.9263924956321716 0.994754433631897
0.9327921867370605 0.9942857623100281
0.9206709861755371 0.9945164918899536
0.9292207360267639 0.9942855834960938
0.9285136461257935 0.9928570985794067
0.926378071308136 0.9942857623100281
0.9163780212402344 0.992142915725708
0.9149278402328491 0.993571400642395
0.9306636452674866 0.9945164918899536
0.9328065514564514 0.9961904883384705
0.9170635342597961 0.9942783117294312
0.9249423146247864 0.9942857027053833
0.9170705676078796 0.9921354651451111
0.924934983253479 0.9961830973625183
0.9349422454833984 0.9911831617355347
0.9256420731544495 0.994523823261261
0.9320923686027527 0.995238184928894
0.9313852190971375 0.9933334589004517
0.9292279481887817 0.9919047355651855
0.9242351651191711 0.9916520118713379
0.9278138279914856 0.9935715198516846
0.926385223865509 0.9940401911735535
0.9184921383857727 0.9957143664360046
0.911385178565979 0.9933334589004517
0.9277993440628052 0.9947546124458313
0.9292207956314087 0.9947544932365417
0.9227922558784485 0.9938095808029175
0.9163780808448792 0.9928498268127441
0.9270995259284973 0.9928498268127441
0.9242135286331177 0.9942710399627686
0.9227994680404663 0.9919047355651855
0.927070677280426 0.994509220123291
0.92779940366745 0.9950000047683716
0.9249566793441772 0.9952380657196045
0.9270705580711365 0.9952234625816345
0.9270851016044617 0.9959448575973511
0.924934983253479 0.9940475225448608
0.9263707995414734 0.9950000047683716
0.9213852882385254 0.9945238828659058
0.9278210997581482 0.9969048500061035
0.9192352294921875 0.9959524273872375
0.9156492948532104 0.9959450960159302
0.9292351007461548 0.9947618842124939
0.9213780760765076 0.9956995844841003
0.9256636500358582 0.9945163726806641
0.9263707399368286 0.9947618842124939
0.9292207360267639 0.993556797504425
0.9220779538154602 0.9945091009140015
0.9213925004005432 0.995238184928894
0.9320851564407349 0.9940475225448608
0.9292280077934265 0.9971429109573364
0.9285136461257935 0.995476245880127
0.9242280125617981 0.9942782521247864
0.9249421954154968 0.9964286088943481
0.9242135286331177 0.9954686760902405
0.9170562624931335 0.9952307939529419
0.9335352778434753 0.9940402507781982
0.9313707947731018 0.995476245880127
0.9142351746559143 0.9959450960159302
0.9213636517524719 0.9952307343482971
0.9356709122657776 0.993087887763977
0.9270995855331421 0.9952382445335388
0.9256637692451477 0.9945238828659058
0.9242207407951355 0.9954761266708374
0.9285208582878113 0.9954761266708374
0.9235064387321472 0.996904730796814
0.9278066754341125 0.9957069158554077
0.9277921915054321 0.9940476417541504
0.9299495816230774 0.9938095808029175
0.9320778250694275 0.9966666102409363
0.9192134737968445 0.9961757659912109
0.9306710362434387 0.9973810315132141
0.9213635325431824 0.9968973994255066
0.9313780069351196 0.9947618842124939
0.9263779520988464 0.9949852824211121
0.9327993988990784 0.994523823261261
0.9292424321174622 0.995476245880127
0.9256493449211121 0.9945164918899536
0.9406709671020508 0.9976117014884949
0.932813823223114 0.9957143664360046
0.9335280656814575 0.9959524273872375
0.9256564974784851 0.9964286088943481
0.9335064888000488 0.9964286088943481
0.9313851594924927 0.9945238828659058
0.9313780069351196 0.9952380657196045
0.9277995228767395 0.995238184928894
0.9285353422164917 0.9978572130203247
0.9277921915054321 0.9956996440887451
0.933506429195404 0.994523823261261
0.9313924908638 0.9961905479431152
0.919949471950531 0.9938021898269653
0.9263779520988464 0.9947472810745239
0.9377922415733337 0.9959524273872375
0.9199422597885132 0.9959526062011719
0.9213637113571167 0.9961758852005005
0.9313852190971375 0.9969048500061035
0.9213636517524719 0.9940476417541504
0.9278138279914856 0.9954761266708374
0.9313780069351196 0.9945238828659058
0.9292424321174622 0.9954615831375122
0.9227994084358215 0.9957068562507629
0.9306709170341492 0.9966444969177246
0.9199278950691223 0.9959524273872375
0.9278064966201782 0.9959524273872375
0.9327921867370605 0.9947620630264282
0.934235155582428 0.9983333349227905
0.9242280721664429 0.9961903691291809
0.9299638867378235 0.995476245880127
0.9220995306968689 0.9966668486595154
0.9328066110610962 0.9961904883384705
0.9213636517524719 0.9935638904571533
0.92779940366745 0.9961905479431152
0.9371067881584167 0.9959524273872375
0.9213491678237915 0.9961904883384705
0.9320996999740601 0.9959524273872375
0.9335280656814575 0.9950001239776611
0.9356566071510315 0.9961830973625183
0.9299566149711609 0.996904730796814
0.9228065609931946 0.9980878233909607
0.9342279434204102 0.9961903691291809
0.9328137636184692 0.9949999451637268
0.9328065514564514 0.9959524273872375
0.9213780164718628 0.9954763054847717
0.9299567341804504 0.9964211583137512
0.9270851016044617 0.9964286088943481
0.9235353469848633 0.9959524273872375
0.9313851594924927 0.994523823261261
0.9227922558784485 0.996904730796814
0.9313780069351196 0.9983333349227905
0.9356637001037598 0.9976191520690918
0.9213563203811646 0.995952308177948
0.9292424321174622 0.9971429109573364
0.9335064888000488 0.9961757659912109
0.9278138875961304 0.9964286088943481
0.9270851016044617 0.9969048500061035
0.9256492853164673 0.9978571534156799
0.934235155582428 0.9978572130203247
0.9335135817527771 0.9957143068313599
0.9335353970527649 0.9973808526992798
0.9263852834701538 0.994523823261261
0.9263635873794556 0.9954763054847717
0.926378071308136 0.9942782521247864
0.936378002166748 0.9957143068313599
0.9435353875160217 0.9966592192649841
0.9384991526603699 0.9973810911178589
0.9385424852371216 0.9983333349227905
0.9385208487510681 0.996666669845581
0.9356492757797241 0.9961904883384705
0.9249423146247864 0.9971429109573364
0.9313780069351196 0.9966666102409363
0.9270778894424438 0.9961832165718079
0.9278138875961304 0.9966666102409363
0.9213420152664185 0.9973809123039246
0.9292280077934265 0.997619092464447
0.934235155582428 0.9966593384742737
0.9256709814071655 0.9961830377578735
0.9234848022460938 0.9973809123039246
0.9292424321174622 0.9964285492897034
0.9299349784851074 0.9971354603767395
0.9370851516723633 0.9973809123039246
0.9278064966201782 0.9978571534156799
0.9313780069351196 0.9966593384742737
0.9363924860954285 0.9971355199813843
0.9320850968360901 0.9964285492897034
0.9299494028091431 0.9971429109573364
0.9292497038841248 0.997619092464447
0.9256277084350586 0.9966667890548706
0.9306636452674866 0.9966593384742737
0.9342207908630371 0.9980952739715576
0.9306564927101135 0.9971355199813843
0.9363564252853394 0.9973809123039246
0.9363707900047302 0.9971429109573364
0.9435424208641052 0.9971427917480469
0.9292424321174622 0.9980952739715576
0.9356637001037598 0.9966667890548706
0.9285136461257935 0.9959524273872375
0.9363780617713928 0.9961756467819214
0.9306637048721313 0.9971429109573364
0.9278064966201782 0.9959449768066406
0.937792181968689 0.9978570342063904
0.9277921915054321 0.9976189732551575
0.9356637001037598 0.9980952739715576
0.9278138279914856 0.9976117014884949
0.9349493980407715 0.9957143068313599
0.9235135912895203 0.9959524273872375
0.9270922541618347 0.9969048500061035
0.9285136461257935 0.9961830973625183
0.9299494624137878 0.9978571534156799
0.9342350959777832 0.9971355199813843
0.9292279481887817 0.9957143664360046
0.9263925552368164 0.9983333349227905
0.9428209662437439 0.9949852228164673
0.937113881111145 0.9959524869918823
0.9335208535194397 0.9964286088943481
0.9277849197387695 0.9964286088943481
0.9392351508140564 0.99546879529953
0.9364069700241089 0.996666669845581
0.9356709122657776 0.9978497624397278
0.9306564927101135 0.9957143068313599
0.9342350959777832 0.9971429109573364
0.9392568469047546 0.9952380657196045
0.9263779520988464 0.9971429109573364
0.9299349784851074 0.996904730796814
0.9320995211601257 0.9959524273872375
0.9292279481887817 0.9971429109573364
0.9299639463424683 0.996904730796814
0.9313780069351196 0.997849702835083
0.9363636374473572 0.9973809123039246
0.9342496991157532 0.9980952143669128
0.9320922493934631 0.9976117014884949
0.9356637001037598 0.9973734617233276
0.9299639463424683 0.9980952143669128
0.9306781888008118 0.995952308177948
0.9335497617721558 0.9959524869918823
0.9335352778434753 0.9980952739715576
0.9413924813270569 0.9980878233909607
0.9377776980400085 0.9980952739715576
0.9306710362434387 0.9978571534156799
0.9363924264907837 0.9947619438171387
0.9242207407951355 0.994739830493927
0.941363513469696 0.9978497624397278
0.9371067881584167 0.9966667890548706
0.9263635873794556 0.996904730796814
0.9342352151870728 0.9976189732551575
0.9292279481887817 0.9971354603767395
0.9320923089981079 0.9971354603767395
0.9428209662437439 0.9973809123039246
0.9313925504684448 0.9980952739715576
0.9356492757797241 0.997849702835083
0.9356493353843689 0.9980952739715576
0.9399493932723999 0.997849702835083
0.9399782419204712 0.9980952739715576
0.9292134046554565 0.9980953931808472
0.940670907497406 0.9964285492897034
0.9320778846740723 0.9976117014884949
0.9370995163917542 0.995238184928894
0.931363582611084 0.9985713958740234
0.9299567341804504 0.9976116418838501
0.9270922541618347 0.997619092464447
0.9370922446250916 0.9980952739715576
0.9306636452674866 0.9988095164299011
0.9321139454841614 0.9973809123039246
0.9342352151870728 0.996666669845581
0.9370778799057007 0.9971429109573364
0.9299494624137878 0.9961904883384705
0.9285137057304382 0.9980952739715576
0.9313780665397644 0.9971429109573364
0.9277921319007874 0.9961830973625183
0.9349640011787415 0.9976191520690918
0.9377993941307068 0.9980952143669128
0.9342423677444458 0.9983333349227905
0.934235155582428 0.9968973994255066
0.9327849745750427 0.9985713958740234
0.9313852190971375 0.9976043701171875
0.9320923089981079 0.9980952143669128
0.9356780648231506 0.9973809123039246
0.9356565475463867 0.9959524869918823
0.9392279982566833 0.9985713958740234
0.9442351460456848 0.9983334541320801
0.9342496991157532 0.996904730796814
0.9320995211601257 0.9985713958740234
0.9342423677444458 0.9983333349227905
0.9349566698074341 0.9988021850585938
0.9327921867370605 0.9983333349227905
0.9378137588500977 0.997619092464447
0.919213593006134 0.9973809123039246
0.9220851063728333 0.996666669845581
0.9306421279907227 0.9978572130203247
0.9270706176757812 0.9978571534156799
0.9363923668861389 0.9985713958740234
0.9342350959777832 0.9985713958740234
0.940663754940033 0.9980952739715576
0.9342280030250549 0.996666669845581
0.9328137636184692 0.9961905479431152
0.9371139407157898 0.997619092464447
0.9299639463424683 0.9988021850585938
0.9349494576454163 0.9985713958740234
0.9292279481887817 0.9971429109573364
0.926378071308136 0.9980952739715576
0.9385353326797485 0.9976116418838501
0.932806670665741 0.9978572130203247
0.931363582611084 0.9973810315132141
0.9313780069351196 0.9983333349227905
0.9299349784851074 0.9976189732551575
0.9349638223648071 0.9983333349227905
0.9342423677444458 0.9980952739715576
0.9306637048721313 0.9973734617233276
0.9449710845947266 0.9980952143669128
0.9349421858787537 0.9980952143669128
0.9442279934883118 0.9971430897712708
0.937106728553772 0.9985713958740234
0.9378138184547424 0.9980952143669128
0.9385281205177307 0.9988095164299011
0.9299423098564148 0.9978497624397278
0.9335281252861023 0.9980952739715576
0.934235155582428 0.997619092464447
0.9349494576454163 0.9978497624397278
0.9470922350883484 0.9968974590301514
0.945678174495697 0.9985713958740234
0.9249277710914612 0.9985713958740234
0.9285354614257812 0.9980952739715576
0.9249494671821594 0.9971427917480469
0.9392352104187012 0.9983333349227905
0.9420851469039917 0.9990476965904236
0.9470995664596558 0.9988096356391907
0.9428066611289978 0.9985713958740234
0.9235208630561829 0.9976117014884949
0.9399710893630981 0.9971354603767395
0.9420851469039917 0.997619092464447
0.9349638819694519 0.9995238184928894
0.9342423677444458 0.9971429109573364
0.9378066062927246 0.9976191520690918
0.9378138184547424 0.9978571534156799
0.9399639368057251 0.9988095164299011
0.928499162197113 0.9971354603767395
0.9463707804679871 0.9978497624397278
0.9378066062927246 0.9985713958740234
0.9406710267066956 0.9969048500061035
0.9370995163917542 0.9964285492897034
0.9363996386528015 0.9992857575416565
0.9349423050880432 0.9976189732551575
0.9399638772010803 0.9990476965904236
0.9342496991157532 0.9978570342063904
0.9442495703697205 0.9966666102409363
0.9370995759963989 0.9983333349227905
0.9478138089179993 0.9985713958740234
0.9356637001037598 0.9983333349227905
0.9327993988990784 0.9980952739715576
0.932784914970398 0.9971354603767395
0.9292135238647461 0.9990476965904236
0.9392279982566833 0.9980952143669128
0.937792181968689 0.999047577381134
0.9349638819694519 0.997619092464447
0.9428137540817261 0.9983334541320801
0.9442423582077026 0.9988096356391907
0.9420852065086365 0.9985713958740234
0.9385281205177307 0.9992857575416565
0.9442352056503296 0.9983333349227905
0.9299494028091431 0.9968973994255066
0.9370851516723633 0.9971427917480469
0.937792181968689 0.9990476965904236
0.9399566054344177 0.997619092464447
0.9342495203018188 0.9980952739715576
0.9356565475463867 0.9985713958740234
0.9406781196594238 0.9980952143669128
0.9370923042297363 0.9980952143669128
0.9263709187507629 0.9973810911178589
0.9328065514564514 0.9985640645027161
0.932099461555481 0.9980952739715576
0.9335425496101379 0.9978571534156799
0.9413852095603943 0.9973809123039246
0.9299494028091431 0.9988095164299011
0.9270778894424438 0.9980952739715576
0.9406782388687134 0.9978570342063904
0.9292279481887817 0.9995238184928894
0.9320778250694275 0.9969046711921692
0.9356564879417419 0.9971429109573364
0.9306637048721313 0.9973809123039246
0.9392423629760742 0.9964285492897034
0.9385064840316772 0.9985640645027161
0.9378138780593872 0.9976043701171875
0.9363852143287659 0.9988021850585938
0.9370923042297363 0.997619092464447
0.9399566650390625 0.9978572130203247
0.9342280030250549 0.9992857575416565
0.9385209083557129 0.999047577381134
0.9356709122657776 0.9985713958740234
0.939935028553009 0.9988095164299011
0.9406709671020508 0.997619092464447
0.9471067786216736 0.9985713958740234
0.9378138780593872 0.9992857575416565
0.9349493980407715 0.9983333349227905
0.934235155582428 0.9980952739715576
0.9428211450576782 0.999047577381134
0.9335425496101379 0.9988095164299011
0.9449638724327087 0.9980953931808472
0.9356493949890137 0.9980952143669128
0.9399567246437073 0.999047577381134
0.9299567341804504 0.9976191520690918
0.9363780617713928 0.9978571534156799
0.9299349784851074 0.9976191520690918
0.9356709718704224 0.9983333349227905
0.935663640499115 0.9992857575416565
0.936378002166748 0.9992857575416565
0.9435425400733948 0.9997619390487671
0.9370851516723633 0.9995238184928894
0.9449567198753357 0.9976117014884949
0.9420995712280273 0.9992857575416565
0.9270778894424438 0.9983333349227905
0.9342495799064636 0.9973809123039246
0.9270995855331421 0.9988020658493042
0.9349493980407715 0.9983333349227905
0.943535327911377 0.9980877637863159
0.9370995163917542 0.9971429109573364
0.9363709092140198 0.9985713958740234
0.9385208487510681 0.9983333349227905
0.9313780069351196 0.9973809123039246
0.9306709170341492 0.9990402460098267
0.9335280060768127 0.998571515083313
0.9449710845947266 0.9978572130203247
0.9328137636184692 0.998571515083313
0.937792181968689 0.9983333349227905
0.9342350959777832 0.9985713958740234
0.9456853866577148 0.998571515083313
0.9413708448410034 0.9988095164299011
0.9399566650390625 0.9980952739715576
0.9399566650390625 0.9985713958740234
0.9385280609130859 0.9983333349227905
0.9306709170341492 0.9971429109573364
0.9378066658973694 0.9978571534156799
0.9385209083557129 0.9988095164299011
0.9370850920677185 0.998571515083313
0.9349638819694519 0.9985713958740234
0.9428209662437439 0.9980952739715576
0.9399494528770447 0.9983333349227905
0.934235155582428 0.9995238184928894
0.9306493401527405 0.9969048500061035
0.9292351007461548 0.9980952143669128
0.939242422580719 0.9990402460098267
0.9370851516723633 0.9988096356391907
0.9442496299743652 0.9995238184928894
0.9399567246437073 0.9983333349227905
0.9449639320373535 0.9992857575416565
0.9263635873794556 0.9995238184928894
0.9385208487510681 0.9988094568252563
0.9413636922836304 0.9992783069610596
0.9399423003196716 0.9978497624397278
0.9435352683067322 0.9980952739715576
0.9335207939147949 0.9980952739715576
0.9327921867370605 0.9990476965904236
0.9392496943473816 0.9976189732551575
0.9321067929267883 0.9983333349227905
0.9406709671020508 0.9985713958740234
0.9406565427780151 0.9980952143669128
0.9399639368057251 0.9992857575416565
0.9413852691650391 0.9988095164299011
0.9285208582878113 0.9978571534156799
0.9328065514564514 0.9988095164299011
0.9392423629760742 0.9983333349227905
0.9242351651191711 0.9983258843421936
0.9363996386528015 0.9973809123039246
0.9378209710121155 0.9978572130203247
0.9363707900047302 0.9985640645027161
0.9420706033706665 0.999047577381134
0.9399494528770447 0.9983335137367249
0.9335064888000488 0.9971429109573364
0.9321067929267883 0.9983333349227905
0.9306637048721313 0.9983185529708862
0.9399567246437073 0.9990476965904236
0.9378066658973694 0.9988094568252563
0.9242424368858337 0.9988020658493042
0.9478281736373901 0.9978572130203247
0.9463852643966675 0.999047577381134
0.9335137009620667 0.9988095164299011
0.9320996403694153 0.9985715746879578
0.9328209757804871 0.9966593384742737
0.9370923042297363 0.9990476965904236
0.9342495799064636 0.9992857575416565
0.9327993988990784 0.9988094568252563
0.932813823223114 0.9988094568252563
0.9399566650390625 0.9990476965904236
0.9421138763427734 0.999047577381134
0.94354248046875 0.9990476965904236
0.9335425496101379 0.9990402460098267
0.9435136914253235 0.9990476965904236
0.9399638772010803 0.997619092464447
0.9392568469047546 0.997619092464447
0.9399423003196716 0.9973809123039246
0.9392567873001099 0.9983333349227905
0.9370995163917542 0.9990476965904236
0.9413852691650391 0.9992857575416565
0.9335137009620667 0.9983260035514832
0.934971034526825 0.997619092464447
0.9428209662437439 0.9985713958740234
0.9378355741500854 0.9978570342063904
0.9413708448410034 0.9976189732551575
0.937821090221405 0.9992857575416565
0.9335424304008484 0.9997618794441223
0.9313780665397644 0.9990476965904236
0.9421139359474182 0.999047577381134
0.9420995116233826 0.9988094568252563
0.9363924860954285 0.9992857575416565
0.9428137540817261 0.9992857575416565
0.9406710267066956 0.9988094568252563
0.9342713356018066 0.9990476965904236
0.9406781792640686 0.999047577381134
0.9378209710121155 0.999047577381134
0.9349494576454163 0.9992857575416565
0.9435281157493591 0.9995164275169373
0.9471212029457092 0.9995238184928894
0.9356781840324402 0.9992857575416565
0.9406852722167969 0.9985713958740234
0.9499710202217102 0.9992857575416565
0.9370995163917542 0.9985715746879578
0.9399422407150269 0.997619092464447
0.935663640499115 0.9995238184928894
0.9442424178123474 0.9997618794441223
0.9406781196594238 1.0
0.9328066110610962 0.9990476965904236
0.9321068525314331 0.9985713958740234
0.9435425400733948 0.9966667890548706
0.9399710297584534 0.997619092464447
0.9399638175964355 0.9983332753181458
0.9435281157493591 0.9983332753181458
0.936392605304718 0.9988095164299011
0.9406636953353882 0.9990476965904236
0.9320850968360901 0.9978572130203247
0.9378138780593872 0.9983334541320801
0.9335281252861023 0.9980952739715576
0.9456709623336792 0.9983333349227905
0.9356637597084045 0.9990476965904236
0.9306564927101135 0.9988021850585938
0.9370994567871094 0.9988094568252563
0.9378066062927246 0.9992857575416565
0.9356637597084045 0.9995238184928894
0.9442496299743652 0.999047577381134
0.9449495077133179 0.9997618794441223
0.9420923590660095 0.9978571534156799
0.9506782293319702 0.9992783069610596
0.943535327911377 0.9983260035514832
0.9342495799064636 0.9990476965904236
0.9499565958976746 0.9980952143669128
0.9435352683067322 0.9995238184928894
0.9356709122657776 0.9992783665657043
0.9392496347427368 0.9980952739715576
0.9385424852371216 0.9978497624397278
0.9478210806846619 0.9988096356391907
0.9285208582878113 0.9983260035514832
0.9492568373680115 0.9992857575416565
0.9356493949890137 0.9980952143669128
0.9413780570030212 0.9992857575416565
0.9378210306167603 0.9985713958740234
0.933506429195404 0.9983333349227905
0.9463852643966675 0.9988094568252563
0.9385424852371216 0.9992857575416565
0.9449638724327087 0.9980952143669128
0.9428281784057617 0.9995238184928894
0.9435209035873413 0.9992783069610596
0.9420995116233826 0.9995238184928894
0.9370995163917542 0.9995238184928894
0.9349638819694519 0.9990476965904236
0.9506998062133789 0.9995238184928894
0.943535327911377 0.9997618794441223
0.9356781840324402 0.9990476965904236
0.939242422580719 0.9985715746879578
0.9349638819694519 0.9985713958740234
0.9378353953361511 0.9990402460098267
0.9406709671020508 0.9980952739715576
0.9335352778434753 0.9976189732551575
0.9270851016044617 0.9978572130203247
0.9335136413574219 0.9971354603767395
0.9328209757804871 0.9985713958740234
0.9392496347427368 0.9995238184928894
0.9420922994613647 0.9997619390487671
0.9363563656806946 0.9983333349227905
0.9413636326789856 0.9988096356391907
0.9442567825317383 0.9990476965904236
0.9435209035873413 0.9988094568252563
0.9370923042297363 0.9988095164299011
0.9421138763427734 0.9992857575416565
0.9385209083557129 0.9983333349227905
0.9399639368057251 0.9980952143669128
0.9378138184547424 0.999047577381134
0.9413779973983765 0.9995238184928894
0.9428138136863708 0.9992857575416565
0.9456853866577148 0.9992857575416565
0.9420852065086365 0.9997619390487671
0.9406853318214417 0.9988021850585938
0.9378065466880798 0.9990402460098267
0.9492568373680115 1.0
0.9313779473304749 0.999047577381134
0.9399638772010803 0.9992783069610596
0.935663640499115 0.9992857575416565
0.9378138184547424 0.9988095164299011
0.9392496347427368 0.9997618794441223
0.9420922994613647 0.9983333349227905
0.9442424774169922 0.9997618794441223
0.9277921319007874 0.9995163679122925
0.9370923638343811 0.9983334541320801
0.9399493932723999 0.9985713958740234
0.9449638724327087 0.9992857575416565
0.9435208439826965 1.0
0.9392423629760742 0.9990476965904236
0.9320995211601257 0.9985713958740234
0.943535327911377 0.9988095164299011
0.9428209662437439 0.9992783069610596
0.9313707947731018 0.9983258843421936
0.9399567246437073 0.9992857575416565
0.9442495703697205 0.9978497624397278
0.9471067786216736 0.999047577381134
0.9463852643966675 0.9997618794441223
0.9349638819694519 0.9992857575416565
0.942113995552063 0.9988095164299011
0.9421139359474182 0.9980952739715576
0.934242308139801 0.999047577381134
0.9349566102027893 0.9992857575416565
0.937792181968689 0.9988094568252563
0.9406493306159973 0.9995238184928894
0.9385208487510681 0.9995238184928894
0.9420779347419739 0.9983258843421936
0.9406636953353882 0.999047577381134
0.936378002166748 0.999047577381134
0.9370995163917542 0.9985639452934265
0.9378138184547424 0.9992857575416565
0.9428138732910156 0.9983260035514832
0.9349349737167358 0.9978571534156799
0.948520839214325 1.0
0.9442352056503296 0.999047577381134
0.9478210806846619 0.9988094568252563
0.9406493306159973 0.9997618794441223
0.9378210306167603 0.9995238184928894
0.9406781196594238 0.9990476965904236
0.9420779347419739 0.9992857575416565
0.9442568421363831 0.9995238184928894
0.9306349158287048 0.9973808526992798
0.9399566054344177 0.9978572130203247
0.9421067237854004 0.9988095164299011
0.9420995116233826 0.9985713958740234
0.9420852065086365 0.9995238184928894
0.9421138763427734 0.9995238184928894
0.9356709718704224 0.9988095164299011
0.9399566650390625 0.9997618794441223
0.9421138763427734 0.9988096356391907
0.9492424726486206 0.9997618794441223
0.9456709623336792 0.9997619390487671
0.9442424178123474 0.9992858171463013
0.9399494528770447 0.9990476965904236
0.9413852095603943 0.9988095164299011
0.9428281784057617 0.9997618794441223
0.9435352683067322 0.9995238184928894
0.9370850920677185 0.999047577381134
0.9406781792640686 0.9988095164299011
0.9478138089179993 0.9997618794441223
0.9370923042297363 0.9992857575416565
0.9463853240013123 0.9988095164299011
0.9378210306167603 0.9990476965904236
0.9356493949890137 0.9980878233909607
0.9406852722167969 0.9992857575416565
0.9413996338844299 0.9983333349227905
0.9428281784057617 0.999047577381134
0.9463996291160583 0.9990402460098267
0.9428210258483887 0.9983333349227905
0.9471138715744019 0.9990476965904236
0.9435065388679504 0.9992857575416565
0.9492567777633667 0.9995238184928894
0.9413852095603943 0.9992857575416565
0.9385281205177307 0.9985713958740234
0.9328283071517944 0.9992857575416565
0.9506781697273254 0.9988096356391907
0.9471067786216736 0.9985713958740234
0.9442496299743652 0.9995238184928894
0.9471067190170288 0.9997619390487671
0.9442568421363831 0.9995238184928894
0.9492639899253845 0.9988095164299011
0.9420851469039917 0.9992857575416565
0.9456853866577148 0.9985713958740234
0.9442352652549744 0.9980952739715576
0.9370922446250916 0.9983334541320801
0.9377922415733337 0.9973810315132141
0.9435281157493591 0.9978571534156799
0.9356709718704224 0.9983333349227905
0.9377993941307068 0.9988094568252563
0.9427922368049622 0.9997618794441223
0.9471211433410645 0.9990476965904236
0.9463996291160583 0.9995238184928894
0.942806601524353 0.9988094568252563
0.9463852643966675 0.9995238184928894
0.9385136961936951 0.9992857575416565
0.9435281157493591 0.9988094568252563
0.9420995116233826 0.9988096356391907
0.9442351460456848 0.9992857575416565
0.9428210854530334 0.999047577381134
0.9442496299743652 0.9985713958740234
0.9428065419197083 0.9988095164299011
0.9471067786216736 0.9988094568252563
0.9399350881576538 0.9985713958740234
0.9449639320373535 0.9983334541320801
0.9349494576454163 0.9990402460098267
0.9506782293319702 0.9995238184928894
0.9284992218017578 0.998571515083313
0.9413925409317017 0.9988094568252563
0.9528065323829651 0.9985713958740234
0.9378065466880798 0.9997618794441223
0.9399638772010803 0.9992857575416565
0.934235155582428 0.999047577381134
0.9492350816726685 0.9997618794441223
0.946406900882721 0.999047577381134
0.9363636374473572 0.9995238184928894
0.940663754940033 0.9992857575416565
0.9435425996780396 0.9990476965904236
0.9514068365097046 0.9990476965904236
0.9499639272689819 0.998571515083313
0.9470923542976379 0.9988095164299011
0.9463996887207031 0.9995238184928894
0.9399638772010803 0.9988094568252563
0.9420851469039917 0.9992857575416565
0.946406900882721 0.9995238184928894
0.954978346824646 0.9985713958740234
0.9485281109809875 1.0
0.9521284699440002 0.9990402460098267
0.9399566650390625 0.9997618794441223
0.9442423582077026 0.9997618794441223
0.9442424774169922 0.9992857575416565
0.9456853866577148 0.9995238184928894
0.9428065419197083 0.9988094568252563
0.9413924217224121 0.998571515083313
0.9463924765586853 0.9995238184928894
0.9521139860153198 0.9992857575416565
0.9513925313949585 0.9995238184928894
0.9356854557991028 0.9976189732551575
0.9456637501716614 0.9997618794441223
0.9385064840316772 0.9988096356391907
0.9406636953353882 0.999047577381134
0.936378002166748 0.999047577381134
0.9420851469039917 0.9988094568252563
0.9442424178123474 0.9980952739715576
0.9356637001037598 0.9992857575416565
0.9421067833900452 0.9990476965904236
0.9435281157493591 0.9995238184928894
0.9456636309623718 0.9988095164299011
0.9449567198753357 0.9997619390487671
0.9413852691650391 0.9992857575416565
0.943535327911377 0.999047577381134
0.9392351508140564 0.9978571534156799
0.9435352683067322 0.999047577381134
0.92924964427948 0.9978572130203247
0.9420995712280273 0.9983333349227905
0.9470923542976379 0.9992857575416565
0.945671021938324 0.9995238780975342
0.9449782967567444 0.9997618794441223
0.9413996338844299 0.9990476965904236
0.9478210806846619 0.9992857575416565
0.9392352104187012 0.9992857575416565
0.9378138184547424 0.9997618794441223
0.9442279934883118 0.999047577381134
0.9485424757003784 0.9990476965904236
0.9399639368057251 0.9995238184928894
0.9456637501716614 0.999047577381134
0.9463995695114136 0.9983333349227905
0.940670907497406 0.9988095164299011
0.9428138136863708 0.9995238184928894
0.9485569000244141 0.9997618794441223
0.9471139311790466 1.0
0.9435496926307678 0.9995238184928894
0.9420922994613647 1.0
0.9435137510299683 0.9990476965904236
0.9435135722160339 0.9995238184928894
0.9442350268363953 0.9997618794441223
0.9478281736373901 0.9990476965904236
0.9385281801223755 0.9992857575416565
0.9456710815429688 0.999047577381134
0.9420851469039917 0.9992857575416565
0.9428138136863708 0.9995238184928894
0.9442423582077026 0.9995238184928894
0.9421067237854004 0.9992857575416565
0.9349493980407715 0.9992857575416565
0.9442639946937561 0.9997619390487671
0.9435065388679504 0.9995238184928894
0.9406709671020508 0.998571515083313
0.9521139860153198 0.9988095164299011
0.9349566698074341 0.9978572130203247
0.9499639272689819 0.9980952143669128
0.9363779425621033 0.9985713958740234
0.9377994537353516 0.999047577381134
0.942806601524353 0.9988095164299011
0.9464067816734314 0.9997618794441223
0.9428137540817261 0.9997618794441223
0.9392423629760742 0.9997618794441223
0.9499639272689819 0.9992857575416565
0.9485281109809875 1.0
0.937792181968689 0.9992857575416565
0.9492351412773132 0.9992857575416565
0.9413852691650391 0.9983333349227905
0.9477993845939636 0.9992857575416565
0.950656533241272 1.0
0.9378065466880798 0.9985713958740234
0.9470923542976379 0.9992857575416565
0.9456853270530701 0.9990476965904236
0.9435496926307678 0.9997619390487671
0.9378066062927246 0.9990476965904236
0.9406709671020508 0.9995238184928894
0.9456637501716614 0.9995238184928894
0.950656533241272 1.0
0.9435353875160217 1.0
0.9442351460456848 0.9995238184928894
0.943535327911377 0.9995238184928894
0.9492424130439758 0.9992857575416565
0.9371139407157898 0.999047577381134
0.9478138089179993 0.9997618794441223
0.9463925361633301 0.9997618794441223
0.9449710845947266 0.9990476965904236
0.943535327911377 0.999047577381134
0.9363852143287659 0.9985713958740234
0.9470922350883484 0.9992857575416565
0.9442495703697205 0.9995238184928894
0.9492351412773132 0.9992857575416565
0.9392352104187012 0.9997618794441223
0.9470995664596558 0.9988095164299011
0.942121148109436 0.9995238184928894
0.945671021938324 0.9988095164299011
0.9385137557983398 0.9988095164299011
0.9471139311790466 0.9992857575416565
0.9478211402893066 0.9988094568252563
0.9399423003196716 0.999047577381134
0.9442206621170044 0.9997618794441223
0.9492351412773132 1.0
0.9363851547241211 0.9997618794441223
0.9442567825317383 0.9995238184928894
0.9542495608329773 0.9995238184928894
0.9349423050880432 0.9992857575416565
0.9428065419197083 0.9995238184928894
0.9506853818893433 0.9976189732551575
0.9471212029457092 0.9990476965904236
0.9485424757003784 0.9997619390487671
0.9399422407150269 0.9997618794441223
0.9428137540817261 0.9992857575416565
0.948542594909668 0.9988096356391907
0.9485569596290588 0.9992783069610596
0.942806601524353 0.9992857575416565
0.9435208439826965 0.9992857575416565
0.9428281784057617 1.0
0.9349566102027893 0.9983333349227905
0.9492495656013489 0.9992857575416565
0.94209223985672 1.0
0.945671021938324 1.0
0.940670907497406 0.9992857575416565
0.9435208439826965 0.9988095164299011
0.9456853270530701 0.9990476965904236
0.9435137510299683 0.9995238184928894
0.9463852643966675 0.9995238184928894
0.9399494528770447 0.9995238184928894
0.9463852643966675 0.9995238184928894
0.9506564736366272 0.9992856383323669
0.943535327911377 0.9990476965904236
0.9435280561447144 0.9990476965904236
0.9428210854530334 0.9992858171463013
0.9471139311790466 0.9992856383323669
0.9449422955513 0.9995238184928894
0.9442423582077026 0.9995238184928894
0.9406493306159973 0.9988095164299011
0.9420850872993469 0.999047577381134
0.9492567777633667 0.9988095164299011
0.9413924813270569 0.9990476965904236
0.9320995211601257 0.9983333349227905
0.9449349641799927 0.9988094568252563
0.9442496299743652 0.9997619390487671
0.9535280466079712 0.9995238184928894
0.9435352683067322 0.9995238184928894
0.9356492757797241 0.999047577381134
0.9535425305366516 0.9990476965904236
0.9442423582077026 0.9992857575416565
0.9370995163917542 0.9992857575416565
0.9492712020874023 0.9992857575416565
0.9421138763427734 0.9980952739715576
0.9378066658973694 1.0
0.9492496848106384 0.9997619390487671
0.9378281831741333 0.9992857575416565
0.9435425400733948 0.9990476965904236
0.9470995664596558 0.9995238184928894
0.9549710154533386 1.0
0.947099506855011 0.9990476965904236
0.9435425400733948 0.9992857575416565
0.9435209035873413 0.9985713958740234
0.9470922350883484 0.9997618794441223
0.9478281736373901 0.9995238184928894
0.9464068412780762 0.9988094568252563
0.9406854510307312 0.9997618794441223
0.9513779878616333 0.9997618794441223
0.9463779330253601 0.999047577381134
0.9421067237854004 0.9995238184928894
0.9421067833900452 1.0
0.9492495656013489 0.9997618794441223
0.9449639320373535 0.9995238184928894
0.9471139311790466 0.9997618794441223
0.9413780570030212 0.9995238184928894
0.9413996338844299 0.9997618794441223
0.9442496299743652 0.9995238184928894
0.945678174495697 0.9990476965904236
0.9442424178123474 0.9992857575416565
0.9485281109809875 0.9992857575416565
0.9392280578613281 0.9992857575416565
0.9456853866577148 0.9997618794441223
0.941363513469696 0.998571515083313
0.9463924169540405 1.0
0.9542496800422668 0.9997618794441223
0.9428282380104065 0.9992857575416565
0.9492350816726685 1.0
0.9492424130439758 0.9995238184928894
0.9392423629760742 0.999047577381134
0.9492424726486206 0.9997618794441223
0.9485353827476501 1.0
0.9428065419197083 0.9997618794441223
0.9463852643966675 0.9997618794441223
0.9506853818893433 1.0
0.9442496299743652 0.9995238184928894
0.9463780522346497 0.9988095164299011
0.9556781649589539 0.9997619390487671
0.9485353827476501 0.9995238184928894
0.940670907497406 0.9990476965904236
0.9392350912094116 0.9992857575416565
0.9456781148910522 0.9995238184928894
0.9363780617713928 0.9988096356391907
0.947813868522644 0.9997618794441223
0.9492496848106384 0.9985713958740234
0.9463779330253601 0.9997544884681702
0.9442424178123474 0.9995238184928894
0.9549710154533386 0.9997618794441223
0.9442423582077026 0.9985713958740234
0.9421067237854004 1.0
0.9513925313949585 0.9995238184928894
0.9442496299743652 0.9985713958740234
0.9435352683067322 0.9980952739715576
0.9456638097763062 0.9995238184928894
0.9442567825317383 0.9997544884681702
0.9542567133903503 1.0
0.9485570192337036 1.0
0.9428138136863708 1.0
0.9328066110610962 0.9992857575416565
0.9349566698074341 0.9995238184928894
0.9513925313949585 1.0
0.9385424852371216 0.9997618794441223
0.9478282332420349 0.9995238184928894
0.9428210258483887 0.9988020658493042
0.9420922994613647 0.999047577381134
0.9442208409309387 0.9992857575416565
0.9499421715736389 1.0
0.9542423486709595 1.0
0.9478065371513367 0.999047577381134
0.9385352730751038 0.9992857575416565
0.9406782388687134 0.9997618794441223
0.9442279934883118 0.999047577381134
0.9506710171699524 0.9992857575416565
0.9463779330253601 0.9997618794441223
0.9413924813270569 0.9992857575416565
0.9485425353050232 0.9995238184928894
0.9485281705856323 0.9992857575416565
0.9435281157493591 0.9992857575416565
0.9420995116233826 0.9985713958740234
0.9449421763420105 0.9992857575416565
0.9485281109809875 0.9990476965904236
0.9370995163917542 0.9990476965904236
0.9463924169540405 0.9980952143669128
0.9449349641799927 0.999047577381134
0.9456564784049988 0.9997618794441223
0.9528209567070007 1.0
0.9485353827476501 0.9985713958740234
0.9456853270530701 1.0
0.9499710202217102 0.9992857575416565
0.9471067786216736 0.9997619390487671
0.9442712664604187 0.9997619390487671
0.9392351508140564 0.9992857575416565
0.9463996291160583 0.9997618794441223
0.9506853818893433 0.9990476965904236
0.9456709623336792 0.9990476965904236
0.9513924717903137 0.9992857575416565
0.9463852643966675 0.998571515083313
0.946406900882721 0.9997618794441223
0.9435209035873413 0.9995238184928894
0.9521138072013855 0.9985713958740234
0.9556781053543091 0.9997618794441223
0.9463925361633301 0.9995238184928894
0.9463635683059692 0.9995238184928894
0.948527991771698 0.9992857575416565
0.949971079826355 0.9992857575416565
0.9385424852371216 0.999047577381134
0.9363852739334106 0.9997618794441223
0.9471067190170288 0.9990476965904236
0.9378210306167603 0.9997619390487671
0.9478210210800171 0.9997618794441223
0.9413924813270569 0.9992857575416565
0.9485424757003784 0.9995238184928894
0.9471139311790466 0.9992857575416565
0.9471211433410645 0.9997618794441223
0.9435208439826965 0.9997618794441223
0.9442352056503296 0.9980878233909607
0.9442424178123474 0.9992857575416565
0.9378066062927246 0.9983333349227905
0.9478282332420349 0.9985713958740234
0.9449710845947266 0.9990476965904236
0.9478210210800171 0.9992857575416565
0.9492567777633667 0.9997618794441223
0.9499639272689819 0.9997619390487671
0.952106773853302 0.9990476965904236
0.9435209631919861 0.9992857575416565
0.936370849609375 0.9995238184928894
0.9485353231430054 0.9997618794441223
0.9292207360267639 0.998571515083313
0.9413852691650391 0.9997618794441223
0.9520922899246216 0.9995238184928894
0.9399495124816895 0.9995238184928894
0.9463996291160583 0.9995238184928894
0.9528281092643738 0.9997618794441223
0.9370995759963989 0.9992857575416565
0.9470923542976379 0.9997618794441223
0.9442352056503296 0.9990476965904236
0.947813868522644 0.9995238184928894
0.9463996291160583 0.9988095164299011
0.9456565976142883 0.9992857575416565
0.9399495124816895 0.9995238184928894
0.9442423582077026 1.0
0.9420922994613647 0.9995238184928894
0.9385498762130737 0.998571515083313
0.9406781792640686 0.9990476965904236
0.9449567198753357 0.9990476965904236
0.9449711441993713 0.9995238184928894
0.9463852047920227 0.999047577381134
0.9456637501716614 0.9995238184928894
0.9513925313949585 0.999047577381134
0.9449494481086731 0.9992857575416565
0.9363780617713928 1.0
0.949971079826355 0.9992857575416565
0.9485425353050232 1.0
0.9406853318214417 1.0
0.9420995116233826 0.9995238184928894
0.9549855589866638 0.9992857575416565
0.950685441493988 0.9997618794441223
0.9406709671020508 0.9980952739715576
0.9463996291160583 1.0
0.9535425305366516 0.9995238184928894
0.936370849609375 0.9988095164299011
0.9421067237854004 1.0
0.9513852000236511 0.9990402460098267
0.9478282332420349 0.9997619390487671
0.9399422407150269 0.9976191520690918
0.9406636953353882 0.9992857575416565
0.9420922994613647 0.9995238184928894
0.9485570192337036 0.9997619390487671
0.9421067833900452 0.9997618794441223
0.9413779973983765 0.9997618794441223
0.9413924813270569 0.9988094568252563
0.9478281736373901 0.9990476965904236
0.9463996887207031 0.9992857575416565
0.9413780570030212 0.9995238184928894
0.9421067237854004 0.9980952739715576
0.9442424178123474 0.9997618794441223
0.9470852017402649 0.9997618794441223
0.9456709623336792 1.0
0.9464068412780762 0.999047577381134
0.9478065371513367 0.9997619390487671
0.9435353875160217 0.9995238184928894
0.94354248046875 0.9997618794441223
0.9456709623336792 0.9997618794441223
0.9514069557189941 0.9997618794441223
0.9313925504684448 0.9988095164299011
0.9435352683067322 0.9992857575416565
0.940663754940033 0.9990476965904236
0.9406853318214417 0.9997618794441223
0.9428210854530334 1.0
0.9513996839523315 1.0
0.9606998562812805 1.0
0.947813868522644 0.9983333349227905
0.9499638676643372 0.9997544884681702
0.9478211402893066 1.0
0.9420995116233826 0.9997618794441223
0.948520839214325 0.9995238184928894
0.942806601524353 0.9997618794441223
0.9456926584243774 0.9997618794441223
0.9413780570030212 0.9992857575416565
0.9506710171699524 0.9995238184928894
0.9435209035873413 0.9997618794441223
0.9499782919883728 0.9992857575416565
0.9456782937049866 0.9992857575416565
0.9435280561447144 0.9988095164299011
0.9392567873001099 0.9985713958740234
0.9542568922042847 0.9995238184928894
0.9470778703689575 0.9992857575416565
0.940670907497406 0.9992857575416565
0.9521211981773376 0.9983333349227905
0.952106773853302 0.9995238184928894
0.9442424178123474 1.0
0.9420994520187378 0.9997618794441223
0.947813868522644 0.9997618794441223
0.940663754940033 0.9985715746879578
0.9463852643966675 0.9997618794441223
0.9413924813270569 0.9995238184928894
0.9421067237854004 0.9992857575416565
0.9428282380104065 0.9990476965904236
0.9499639272689819 0.9992857575416565
0.9513780474662781 0.9992857575416565
0.9370851516723633 0.9997618794441223
0.953535258769989 1.0
0.9513924717903137 0.9997618794441223
0.9499565958976746 1.0
0.9463708996772766 0.9997618794441223
0.9499638676643372 0.9997618794441223
0.9413852095603943 0.9997618794441223
0.9463852643966675 0.9992857575416565
0.9521066546440125 1.0
0.9463925361633301 1.0
0.9514068365097046 0.9997618794441223
0.9492567777633667 0.9992857575416565
0.9499711394309998 0.9997618794441223
0.9542568325996399 0.9995238184928894
0.9514068961143494 1.0
0.9471067786216736 1.0
0.9463996887207031 0.9997618794441223
0.9513780474662781 0.9997618794441223
0.9371067881584167 0.9985713958740234
0.9513852000236511 0.9995238184928894
0.9485281109809875 0.9997619390487671
0.9499639272689819 0.9997618794441223
0.9470996260643005 0.9997618794441223
0.9514212012290955 0.9997618794441223
0.9492496252059937 1.0
0.9471067786216736 0.9997618794441223
0.9456637501716614 0.9995238184928894
0.9385352730751038 0.9988096356391907
0.9428282380104065 0.9985713958740234
0.9442424774169922 0.9995164275169373
0.949971079826355 0.9997619390487671
0.9464212656021118 0.9997618794441223
0.9399566650390625 0.9992857575416565
0.9456853270530701 0.9992857575416565
0.9513996839523315 0.9997618794441223
0.948549747467041 0.9995238184928894
0.9463852643966675 0.9995238184928894
0.9478211402893066 0.9995238184928894
0.9442278742790222 0.9995238184928894
0.9435352683067322 0.9997619390487671
0.9363853335380554 0.9992857575416565
0.9492279291152954 1.0
0.9435135722160339 0.999047577381134
