2.5910017490386963 2.643251419067383
2.565401792526245 2.5855038166046143
2.5477397441864014 2.568032741546631
2.555030345916748 2.5527608394622803
2.560194730758667 2.5519306659698486
2.5447592735290527 2.5556702613830566
2.5430538654327393 2.5467898845672607
2.5481019020080566 2.5453381538391113
2.546861410140991 2.548056125640869
2.5430736541748047 2.5450427532196045
2.543785572052002 2.541260242462158
2.5377261638641357 2.534005641937256
2.536815881729126 2.5342276096343994
2.530710458755493 2.5362117290496826
2.5253047943115234 2.53281307220459
2.52756667137146 2.526998281478882
2.52919602394104 2.5284204483032227
2.532585382461548 2.52539324760437
2.5217597484588623 2.525299549102783
2.515220880508423 2.5194644927978516
2.5117430686950684 2.519557476043701
2.5066258907318115 2.5146214962005615
2.5168063640594482 2.5116069316864014
2.5125350952148438 2.5037052631378174
2.4972264766693115 2.503905773162842
2.4965100288391113 2.500474452972412
2.4818646907806396 2.4892396926879883
2.4859366416931152 2.4858338832855225
2.4889988899230957 2.481395959854126
2.4670727252960205 2.4824836254119873
2.4706714153289795 2.4662013053894043
2.454934597015381 2.4638164043426514
2.446277141571045 2.457519769668579
2.4281327724456787 2.4339067935943604
2.4201102256774902 2.420198440551758
2.408531904220581 2.4112370014190674
2.388094425201416 2.3933262825012207
2.367114543914795 2.3876242637634277
2.355297803878784 2.3669345378875732
2.3319547176361084 2.34136700630188
2.3245911598205566 2.3292083740234375
2.3071839809417725 2.30556058883667
2.267247200012207 2.2830653190612793
2.2570855617523193 2.250185489654541
2.213789463043213 2.220564365386963
2.2039642333984375 2.2078135013580322
2.1602511405944824 2.169940948486328
2.1467442512512207 2.141099214553833
2.104586362838745 2.1201915740966797
2.071167230606079 2.0802619457244873
2.0535874366760254 2.043099880218506
2.02540922164917 2.0239856243133545
1.993975281715393 1.9762157201766968
1.9613984823226929 1.9662138223648071
1.9231033325195312 1.9362629652023315
1.9049309492111206 1.9146325588226318
1.8969274759292603 1.8646492958068848
1.8557382822036743 1.8411474227905273
1.8337193727493286 1.8155850172042847
1.8039357662200928 1.7872123718261719
1.792148232460022 1.7621269226074219
1.746975302696228 1.7532144784927368
1.73348867893219 1.7223562002182007
1.7347774505615234 1.6988990306854248
1.6870919466018677 1.6671288013458252
1.6767395734786987 1.6594736576080322
1.6732385158538818 1.6261690855026245
1.639694333076477 1.6169626712799072
1.6097129583358765 1.586326241493225
1.590323805809021 1.5539474487304688
1.5892693996429443 1.5514394044876099
1.569442868232727 1.5183789730072021
1.532623529434204 1.5063515901565552
1.539774775505066 1.492950439453125
1.5157886743545532 1.4725700616836548
1.4720739126205444 1.461738109588623
1.4905929565429688 1.4283537864685059
1.4727848768234253 1.4322807788848877
1.4580880403518677 1.4101461172103882
1.437035322189331 1.3958780765533447
1.4226109981536865 1.3495018482208252
1.4068005084991455 1.3458102941513062
1.385843276977539 1.340894103050232
1.3734805583953857 1.3289119005203247
1.3855743408203125 1.3128024339675903
1.3498185873031616 1.2919270992279053
1.3395469188690186 1.276408076286316
1.3103740215301514 1.2884243726730347
1.325447916984558 1.2461541891098022
1.3195048570632935 1.2399808168411255
1.2903841733932495 1.2235265970230103
1.2594778537750244 1.2167513370513916
1.2710522413253784 1.2115501165390015
1.2610456943511963 1.1924846172332764
1.255279302597046 1.1873046159744263
1.2230292558670044 1.171406865119934
1.2155482769012451 1.1696852445602417
1.2103163003921509 1.137454628944397
1.1803686618804932 1.1220978498458862
1.179627776145935 1.121348261833191
1.167232632637024 1.121227502822876
1.166709542274475 1.1052920818328857
1.1627588272094727 1.0931148529052734
1.1705167293548584 1.0759652853012085
1.1270066499710083 1.0680145025253296
1.1479262113571167 1.0606030225753784
1.129564881324768 1.057715654373169
1.1050537824630737 1.0485684871673584
1.0789997577667236 1.0450483560562134
1.1072404384613037 1.0166521072387695
1.0874348878860474 1.0142536163330078
1.0907174348831177 1.0223325490951538
1.089266061782837 1.0059605836868286
1.0486748218536377 0.9957826733589172
1.0552775859832764 0.9881832599639893
1.02011239528656 0.9778227806091309
1.0361379384994507 0.9685937762260437
1.0405985116958618 0.9470802545547485
1.032622218132019 0.9552895426750183
1.0150024890899658 0.9305031299591064
1.023816466331482 0.9153289794921875
1.018697738647461 0.9444710612297058
1.0092531442642212 0.9221506714820862
0.9844317436218262 0.903564989566803
0.9709094762802124 0.8983558416366577
0.9721924662590027 0.9034609794616699
0.9794383645057678 0.8812989592552185
0.953220784664154 0.8831804990768433
0.9439534544944763 0.8807848691940308
0.9567632675170898 0.8681368827819824
0.9474624395370483 0.8680582642555237
0.9327005743980408 0.8561409711837769
0.9452275633811951 0.8591883778572083
0.9215074181556702 0.854519784450531
0.9047728776931763 0.833109438419342
0.9137864708900452 0.8237738609313965
0.9228761792182922 0.8235763311386108
0.8820080757141113 0.8256011009216309
0.8933623433113098 0.8150931000709534
0.8872258067131042 0.8065542578697205
0.8981493711471558 0.7998496294021606
0.8853629231452942 0.7924520373344421
0.8719354271888733 0.7765900492668152
0.8670874238014221 0.7730184197425842
0.878783643245697 0.7702767252922058
0.8596629500389099 0.7589142918586731
0.8596510291099548 0.7612082362174988
0.8547529578208923 0.7471021413803101
0.8601721525192261 0.749902606010437
0.8605008125305176 0.7438880205154419
0.8396349549293518 0.7378624081611633
0.8303905129432678 0.7361389994621277
0.8197239637374878 0.7257733941078186
0.8179526925086975 0.7213490605354309
0.8043059706687927 0.7178491353988647
0.8334645628929138 0.7123497128486633
0.8236044645309448 0.7066348195075989
0.8165405988693237 0.7061089277267456
0.8154789209365845 0.7053136825561523
0.8028496503829956 0.6835196614265442
0.7898315191268921 0.6758651733398438
0.7842006087303162 0.6787617802619934
0.7557468414306641 0.6727257370948792
0.7761417627334595 0.6662997007369995
0.7705354690551758 0.6625164747238159
0.7897424101829529 0.6626747846603394
0.7541791200637817 0.6704850196838379
0.7591899633407593 0.6529199481010437
0.7722567319869995 0.6533486247062683
0.762569010257721 0.6558595895767212
0.7420014142990112 0.6429776549339294
0.7439947128295898 0.6455078125
0.7477098703384399 0.6330604553222656
0.7400428056716919 0.6257415413856506
0.7468656897544861 0.6268483400344849
0.7443905472755432 0.6208853721618652
0.731338620185852 0.6159563064575195
0.7198579907417297 0.615304172039032
0.7277470231056213 0.6104804277420044
0.7270322442054749 0.6132365465164185
0.7215280532836914 0.5946542024612427
0.6871964335441589 0.5920069217681885
0.7070510983467102 0.5926868915557861
0.7438946962356567 0.5835393071174622
0.7292781472206116 0.5850001573562622
0.6847181916236877 0.5789657235145569
0.6696175932884216 0.5826563239097595
0.6968221664428711 0.5743908286094666
0.6926077604293823 0.5790921449661255
0.6823997497558594 0.5697662234306335
0.6903222799301147 0.554559051990509
0.6905804872512817 0.5588228702545166
0.6570953726768494 0.5453016757965088
0.656525731086731 0.5542102456092834
0.6729272603988647 0.553020179271698
0.6778289675712585 0.5401850342750549
0.6773389577865601 0.5522443056106567
0.653321385383606 0.5284581184387207
0.6703981757164001 0.5347141623497009
0.6717913746833801 0.5389899015426636
0.6561682820320129 0.5313243269920349
0.6569406390190125 0.5262683033943176
0.6411920189857483 0.5261629819869995
0.6612923741340637 0.5105307698249817
0.6376140713691711 0.5264204740524292
0.6460283994674683 0.5024283528327942
0.6337887644767761 0.5041645169258118
0.6456398963928223 0.5016633868217468
0.6260033249855042 0.500300943851471
0.6356269717216492 0.4979625940322876
0.622458815574646 0.48408016562461853
0.6507251858711243 0.48574692010879517
0.6169711351394653 0.4962148070335388
0.6123495697975159 0.48830941319465637
0.6205769777297974 0.47599560022354126
0.6320711970329285 0.47508588433265686
0.6418548822402954 0.4845394492149353
0.6120783686637878 0.4800540804862976
0.6289624571800232 0.46537113189697266
0.6302193403244019 0.47277918457984924
0.6010830998420715 0.46515342593193054
0.6066048741340637 0.45675137639045715
0.5964397192001343 0.46045830845832825
0.6039739847183228 0.4613267481327057
0.6208749413490295 0.44614100456237793
0.5953460931777954 0.4555003345012665
0.5924803614616394 0.45030418038368225
0.5984968543052673 0.4524132013320923
0.5894023180007935 0.4363142251968384
0.5966998934745789 0.44121506810188293
0.5918946862220764 0.43627026677131653
0.596108078956604 0.43986260890960693
0.593079149723053 0.4412207305431366
0.5698066353797913 0.4326302111148834
0.5700245499610901 0.424034982919693
0.5577221512794495 0.4324970841407776
0.5926713943481445 0.43027573823928833
0.5868493914604187 0.418785959482193
0.5835556387901306 0.421703577041626
0.5836800336837769 0.42536041140556335
0.5847501158714294 0.417573481798172
0.5827000737190247 0.4243089556694031
0.5664552450180054 0.40626683831214905
0.5616441369056702 0.41141119599342346
0.5528760552406311 0.4018124043941498
0.5483366847038269 0.40888047218322754
0.5681767463684082 0.40009862184524536
0.5662676095962524 0.3982144892215729
0.5585083365440369 0.38803327083587646
0.5483512282371521 0.39081817865371704
0.5521427392959595 0.3940209746360779
0.5514549016952515 0.3865501880645752
0.5490451455116272 0.38247203826904297
0.5249548554420471 0.3847953677177429
0.544077455997467 0.3806053102016449
0.5192490220069885 0.3790568709373474
0.5309943556785583 0.3736993074417114
0.5473615527153015 0.38523542881011963
0.5606003999710083 0.38343003392219543
0.5156704783439636 0.37060922384262085
0.5352150797843933 0.369873583316803
0.5241424441337585 0.3655853867530823
0.5274600386619568 0.3668295741081238
0.5347840189933777 0.3641034662723541
0.5201149582862854 0.3723990023136139
0.5543772578239441 0.36323702335357666
0.5209835767745972 0.3608902394771576
0.5024853348731995 0.36342331767082214
0.5239951014518738 0.3594372272491455
0.5351281762123108 0.345684677362442
0.492582231760025 0.34791940450668335
0.5309028029441833 0.35116472840309143
0.49274542927742004 0.3502678871154785
0.4935615360736847 0.34664952754974365
0.49522215127944946 0.34766241908073425
0.5129426121711731 0.3373463749885559
0.5121690630912781 0.33641254901885986
0.5156251788139343 0.3360740542411804
0.5322299003601074 0.3353804647922516
0.49651116132736206 0.32675090432167053
0.5225098133087158 0.322131484746933
0.5031801462173462 0.3283209204673767
0.5020257830619812 0.33133935928344727
0.5010537505149841 0.324375718832016
0.49937108159065247 0.31606265902519226
0.4964096248149872 0.3273250162601471
0.5002666711807251 0.32365682721138
0.47948285937309265 0.31899458169937134
0.49068060517311096 0.31289294362068176
0.4964120388031006 0.32311156392097473
0.4746950566768646 0.30492547154426575
0.48021984100341797 0.3116084337234497
0.49629878997802734 0.3191972076892853
0.4751754403114319 0.3041549026966095
0.49704650044441223 0.3131682872772217
0.48040658235549927 0.3068898022174835
0.48928102850914 0.3026268482208252
0.49567562341690063 0.29795679450035095
0.48949459195137024 0.3090401291847229
0.4816053807735443 0.30555006861686707
0.4879496097564697 0.3091663122177124
0.4756196141242981 0.29986992478370667
0.4822380840778351 0.29751211404800415
0.477090060710907 0.29655721783638
0.5022371411323547 0.29912465810775757
0.47223758697509766 0.30149903893470764
0.45828261971473694 0.2875097692012787
0.46698278188705444 0.2812376916408539
0.5004702806472778 0.2918010354042053
0.46341633796691895 0.2741948366165161
0.458886057138443 0.2888360321521759
0.4728030860424042 0.2832079827785492
0.4723370373249054 0.28325119614601135
0.4695530831813812 0.2743808627128601
0.45491552352905273 0.2872820198535919
0.462941974401474 0.2759058475494385
0.4551082253456116 0.2757972776889801
0.4664238393306732 0.27245184779167175
0.45288753509521484 0.27218884229660034
0.4664286673069 0.2713175415992737
0.4457051455974579 0.26729142665863037
0.44299736618995667 0.26174110174179077
0.46516603231430054 0.2607232928276062
0.46562379598617554 0.25532203912734985
0.4532439112663269 0.25629907846450806
0.42606332898139954 0.2550390064716339
0.4328763782978058 0.25789371132850647
0.44655370712280273 0.26347339153289795
0.4757678508758545 0.2558754086494446
0.4484381675720215 0.25955435633659363
0.44843316078186035 0.2537614107131958
0.4403698742389679 0.24312898516654968
0.4386168122291565 0.2545314431190491
0.453302800655365 0.24843624234199524
0.44269639253616333 0.25364962220191956
0.4402012228965759 0.24912932515144348
0.4182068407535553 0.2485121786594391
0.42609715461730957 0.24845561385154724
0.42953625321388245 0.24209485948085785
0.4398497939109802 0.2465202510356903
0.43413853645324707 0.2365671843290329
0.43909159302711487 0.23567624390125275
0.4196925163269043 0.23946796357631683
0.42761802673339844 0.23942388594150543
0.42890146374702454 0.22968816757202148
0.4364176392555237 0.23381511867046356
0.42356055974960327 0.24068638682365417
0.4241473972797394 0.23032499849796295
0.4272558093070984 0.23480463027954102
0.4185337722301483 0.22771795094013214
0.4089885354042053 0.22601929306983948
0.4122258126735687 0.23284392058849335
0.408429354429245 0.2180996835231781
0.43855080008506775 0.23160713911056519
0.4053574502468109 0.21833819150924683
0.4151741564273834 0.22757941484451294
0.4226641058921814 0.2250819206237793
0.4206904470920563 0.21473371982574463
0.4213148057460785 0.21337592601776123
0.4181182086467743 0.2169220745563507
0.4212004542350769 0.2233012318611145
0.4040963053703308 0.20880958437919617
0.39577534794807434 0.20748913288116455
0.43071725964546204 0.21747541427612305
0.4505190849304199 0.21176473796367645
0.3977448046207428 0.20183081924915314
0.42469412088394165 0.2106931060552597
0.3989733159542084 0.20699673891067505
0.4006665349006653 0.20661020278930664
0.3862946927547455 0.20150913298130035
0.38762903213500977 0.19969449937343597
0.4163372218608856 0.2053035944700241
0.398979514837265 0.20831306278705597
0.400372713804245 0.2007603943347931
0.3976064622402191 0.19972966611385345
0.4115712344646454 0.19799552857875824
0.40201348066329956 0.2008230835199356
0.395008385181427 0.20275379717350006
0.4005354344844818 0.19768649339675903
0.4038101136684418 0.19880065321922302
0.39173007011413574 0.1910504400730133
0.39448481798171997 0.19752418994903564
0.3865453898906708 0.18728187680244446
0.4002147614955902 0.1878056824207306
0.39895376563072205 0.18999946117401123
0.39792463183403015 0.18469202518463135
0.37551024556159973 0.18531924486160278
0.38191455602645874 0.1795903891324997
0.38058701157569885 0.18099486827850342
0.3976653218269348 0.18040455877780914
0.39142951369285583 0.17652873694896698
0.40821149945259094 0.18343627452850342
0.38887137174606323 0.17827312648296356
0.3726345896720886 0.1854274719953537
0.3768312633037567 0.1722119003534317
0.39470067620277405 0.1764799803495407
0.3909803032875061 0.16975156962871552
0.3776467740535736 0.17319846153259277
0.3740827739238739 0.1744663119316101
0.38380488753318787 0.1831837296485901
0.4013972282409668 0.17444653809070587
0.3872731029987335 0.16491922736167908
0.3830567002296448 0.16611015796661377
0.37864819169044495 0.16874419152736664
0.36995241045951843 0.16277039051055908
0.37421301007270813 0.17034372687339783
0.37580418586730957 0.1601056605577469
0.3516084551811218 0.16320686042308807
0.3743820786476135 0.16286900639533997
0.3697423040866852 0.1660892218351364
0.3701442778110504 0.16040374338626862
0.36870327591896057 0.16517527401447296
0.3954698443412781 0.16608206927776337
0.34925970435142517 0.16707496345043182
0.36759787797927856 0.16626416146755219
0.36079496145248413 0.15736329555511475
0.36625567078590393 0.1575040966272354
0.39638474583625793 0.15250344574451447
0.3486282229423523 0.15971267223358154
0.38314762711524963 0.14886973798274994
0.36412104964256287 0.16058467328548431
0.35016733407974243 0.154249370098114
0.3719830811023712 0.14590974152088165
0.3477959930896759 0.15522585809230804
0.3638833463191986 0.1518915891647339
0.35815954208374023 0.14632870256900787
0.394756942987442 0.14458493888378143
0.34023258090019226 0.14901605248451233
0.32923057675361633 0.15280354022979736
0.3521713316440582 0.14793483912944794
0.36620277166366577 0.15082471072673798
0.3763117790222168 0.14191357791423798
0.34421244263648987 0.14512458443641663
0.34140127897262573 0.1495635211467743
0.35623717308044434 0.13966694474220276
0.36188435554504395 0.14047110080718994
0.3357323110103607 0.13835422694683075
0.3747921288013458 0.14074158668518066
0.3790564239025116 0.14279784262180328
0.37554168701171875 0.13725896179676056
0.34464168548583984 0.13739919662475586
0.36555054783821106 0.14584454894065857
0.3821064829826355 0.1335819959640503
0.35540392994880676 0.14106038212776184
0.3501891493797302 0.13749539852142334
0.342856228351593 0.13557487726211548
0.3713839650154114 0.13441835343837738
0.3566712439060211 0.1359226256608963
0.35744139552116394 0.13881318271160126
0.3376828134059906 0.1327834576368332
0.3369273245334625 0.13687770068645477
0.34617969393730164 0.12515389919281006
0.33493122458457947 0.13354699313640594
0.36393290758132935 0.1270167976617813
0.3353032171726227 0.13254600763320923
0.3469621241092682 0.12512686848640442
0.3267461657524109 0.1250489503145218
0.3508068919181824 0.127240851521492
0.3581656813621521 0.12378077208995819
0.3780004382133484 0.13146477937698364
0.35185807943344116 0.12251581251621246
0.3355328440666199 0.12496042251586914
0.31599363684654236 0.12689052522182465
0.3217014670372009 0.1271762102842331
0.33850353956222534 0.11724443733692169
0.3422985076904297 0.12855450809001923
0.3274502456188202 0.12232433259487152
0.32297176122665405 0.11758574098348618
0.33876439929008484 0.12153751403093338
0.3407176434993744 0.12340032309293747
0.34197404980659485 0.11919195204973221
0.3458069860935211 0.11567911505699158
0.33744141459465027 0.12122557312250137
0.3516928553581238 0.12044581770896912
0.350836843252182 0.11581747978925705
0.33129340410232544 0.11601079255342484
0.30690690875053406 0.11371725052595139
0.32776567339897156 0.12500661611557007
0.32278379797935486 0.11049168556928635
0.33418360352516174 0.11789766699075699
0.32757142186164856 0.10991919785737991
0.32863348722457886 0.10911373049020767
0.327646404504776 0.11606066673994064
0.35511425137519836 0.10710003226995468
0.3081069588661194 0.11160985380411148
0.3437824547290802 0.11517997831106186
0.3377140462398529 0.10371676087379456
0.315641313791275 0.10196496546268463
0.33830419182777405 0.10206560045480728
0.3116953670978546 0.10699005424976349
0.3093961775302887 0.10981260985136032
0.34260129928588867 0.10229721665382385
0.30827856063842773 0.11073318868875504
0.30284640192985535 0.10071622580289841
0.3180605471134186 0.09653405845165253
0.3246488571166992 0.10123349726200104
0.3201727867126465 0.09993340075016022
0.33050069212913513 0.09248727560043335
0.34319594502449036 0.10102903097867966
0.32285550236701965 0.09859828650951385
0.31345483660697937 0.1071324348449707
0.32404741644859314 0.10769670456647873
0.31751132011413574 0.10354053229093552
0.2920055687427521 0.10203107446432114
0.3066284656524658 0.10476182401180267
0.32512491941452026 0.0996692031621933
0.3291153609752655 0.09409039467573166
0.30639663338661194 0.10132148116827011
0.31862181425094604 0.10968461632728577
0.31860023736953735 0.09371377527713776
0.33705711364746094 0.09518082439899445
0.2986145317554474 0.09392283856868744
0.3049815595149994 0.08695810288190842
0.33599191904067993 0.09451034665107727
0.31235644221305847 0.09502474218606949
0.3176627457141876 0.0875902995467186
0.29235395789146423 0.09390381723642349
0.32280233502388 0.09479474276304245
0.3211277425289154 0.08925269544124603
0.33355289697647095 0.09602051973342896
0.2918175160884857 0.09601352363824844
0.2911491394042969 0.0857163742184639
0.31124526262283325 0.08801180124282837
0.3085978627204895 0.09724365174770355
0.2881438434123993 0.09490019083023071
0.2917943298816681 0.09102920442819595
0.3349357545375824 0.0848550871014595
0.30861327052116394 0.09022850543260574
0.3043052852153778 0.08419613540172577
0.3123917579650879 0.0877440869808197
0.32777735590934753 0.08754189312458038
0.30951762199401855 0.08895290642976761
0.30852770805358887 0.08220580965280533
0.30476024746894836 0.08382079750299454
0.3101802468299866 0.08656064420938492
0.3093813955783844 0.08850542455911636
0.29494524002075195 0.0849427655339241
0.30893152952194214 0.08294782042503357
0.30129769444465637 0.08526722341775894
0.29576119780540466 0.0850922018289566
0.31435880064964294 0.07952707260847092
0.30053216218948364 0.08053108304738998
0.3158670961856842 0.07799044996500015
0.29484936594963074 0.07537601888179779
0.31227102875709534 0.079444520175457
0.3004010021686554 0.07862915098667145
0.3057415187358856 0.08009732514619827
0.3025016784667969 0.08501652628183365
0.2977074086666107 0.07791206240653992
0.28134360909461975 0.07634665071964264
0.3227958083152771 0.07432517409324646
0.3049173951148987 0.07332611829042435
0.3021993339061737 0.0796174630522728
0.31203824281692505 0.08031730353832245
0.2871429920196533 0.07963525503873825
0.3081320822238922 0.0702500194311142
0.32729873061180115 0.07399936020374298
0.2946729362010956 0.07734885811805725
0.2946014106273651 0.07572335004806519
0.29388585686683655 0.07755962759256363
0.30103251338005066 0.0768943727016449
0.28299006819725037 0.07239309698343277
0.28070932626724243 0.07444535195827484
0.3027295172214508 0.07250870764255524
0.30199846625328064 0.06520014256238937
0.2939119338989258 0.074018195271492
0.2808840572834015 0.07269701361656189
0.28692594170570374 0.07194621115922928
0.28994837403297424 0.07073605060577393
0.31282058358192444 0.07289595156908035
0.2818048894405365 0.0668998584151268
0.2910819351673126 0.07518089562654495
0.29749375581741333 0.069107286632061
0.2957121431827545 0.06583602726459503
0.2962651252746582 0.0646873489022255
0.294685035943985 0.06914760172367096
0.2801859974861145 0.07007864862680435
0.3035857677459717 0.06871923059225082
0.28560304641723633 0.06711755692958832
0.3092190623283386 0.058060191571712494
0.30983132123947144 0.06679791212081909
0.2938583791255951 0.06615187227725983
0.3080325424671173 0.06620737910270691
0.29563575983047485 0.06398699432611465
0.2751495838165283 0.06667377054691315
0.2916598320007324 0.06250781565904617
0.2819991707801819 0.05843815207481384
0.32454195618629456 0.061232250183820724
0.3022943437099457 0.06478209048509598
0.291900098323822 0.0658213198184967
0.30825525522232056 0.06145321577787399
0.29580211639404297 0.061287108808755875
0.2974832355976105 0.06699629873037338
0.29920002818107605 0.07202889025211334
0.30486375093460083 0.057692550122737885
0.28787413239479065 0.05885312706232071
0.29597800970077515 0.06711100041866302
0.3100949823856354 0.06430269777774811
0.30118486285209656 0.05616641789674759
0.29704853892326355 0.05929268151521683
0.2711614668369293 0.06172448769211769
0.3026960492134094 0.05612892657518387
0.28565412759780884 0.05744649097323418
0.30081409215927124 0.061975426971912384
0.28389859199523926 0.05355317145586014
0.28870758414268494 0.05542571097612381
0.3070635199546814 0.06249142438173294
0.2804622948169708 0.06471124291419983
0.2632125914096832 0.05774868279695511
0.29021385312080383 0.059626828879117966
0.26832935214042664 0.056693218648433685
0.2680211365222931 0.059032637625932693
0.27953705191612244 0.04990236088633537
0.27311888337135315 0.052199095487594604
0.28920015692710876 0.059696096926927567
0.28859812021255493 0.058140747249126434
0.2686842679977417 0.05819229409098625
0.29145243763923645 0.05233302712440491
0.2811981737613678 0.05751880630850792
0.275692880153656 0.04984881728887558
0.2834159731864929 0.05294682830572128
0.3057039678096771 0.052443623542785645
0.27112123370170593 0.05828461796045303
0.2764908969402313 0.05712269991636276
0.28705844283103943 0.04759824648499489
0.28312990069389343 0.05139141529798508
0.2802407145500183 0.05141942948102951
0.2684061527252197 0.049297790974378586
0.28182241320610046 0.057869844138622284
0.26542896032333374 0.049461983144283295
0.25403106212615967 0.05487850308418274
0.28123706579208374 0.04964801296591759
0.27728408575057983 0.05028291046619415
0.28049060702323914 0.05140531808137894
0.2826501727104187 0.05827971175312996
0.2628718316555023 0.05062083899974823
0.2623229920864105 0.05335558205842972
0.27826279401779175 0.05294596403837204
0.29294663667678833 0.05283684283494949
0.28085198998451233 0.044894494116306305
0.27717095613479614 0.04341907799243927
0.2754758894443512 0.04826612025499344
0.2932502329349518 0.047980569303035736
0.270307719707489 0.04693080112338066
0.29391351342201233 0.05442103371024132
0.2614189088344574 0.04662977531552315
0.24091151356697083 0.0491262786090374
0.27792003750801086 0.04670938476920128
0.2866053879261017 0.048193711787462234
0.2850273549556732 0.05241897702217102
0.2720266878604889 0.047093041241168976
0.2708185017108917 0.043739430606365204
0.2812964916229248 0.04043538495898247
0.2814503014087677 0.04570101946592331
0.2833782136440277 0.04858076572418213
0.2765759825706482 0.04865500330924988
0.26317015290260315 0.039432160556316376
0.25617706775665283 0.043098416179418564
0.27663296461105347 0.04923634231090546
0.28966638445854187 0.04381704702973366
0.27994751930236816 0.046860091388225555
0.28246793150901794 0.04476402327418327
0.26368576288223267 0.0430624857544899
0.2581057846546173 0.04885760322213173
0.2694365680217743 0.04620986804366112
0.2281118929386139 0.0412762314081192
0.2835935652256012 0.04496822878718376
0.2772892117500305 0.045820221304893494
0.2772790789604187 0.04094889760017395
0.2813628017902374 0.04459391161799431
0.2872824966907501 0.04767674580216408
0.2570326328277588 0.043976280838251114
0.2365034520626068 0.03691210597753525
0.29230180382728577 0.04000140354037285
0.256416916847229 0.04016987606883049
0.2814888060092926 0.038237474858760834
0.26487526297569275 0.04604803025722504
0.2688177227973938 0.0372065007686615
0.26884526014328003 0.043399628251791
0.2511410415172577 0.037404485046863556
0.24425172805786133 0.035891834646463394
0.28865954279899597 0.03793077915906906
0.28334125876426697 0.034311845898628235
0.27411967515945435 0.039070747792720795
0.25428536534309387 0.03634260594844818
0.25497955083847046 0.03890198469161987
0.2535095810890198 0.03702959418296814
0.28008779883384705 0.03837526962161064
0.26590389013290405 0.04259299859404564
0.2628438174724579 0.03644435852766037
0.26556292176246643 0.04070904105901718
0.2554495632648468 0.036557022482156754
0.2553393244743347 0.04176415875554085
0.24293553829193115 0.039749063551425934
0.25365787744522095 0.03975363448262215
0.28022265434265137 0.035802390426397324
0.2807372212409973 0.035153381526470184
0.25802141427993774 0.03531292825937271
0.2771686017513275 0.040713150054216385
0.24891509115695953 0.03803136944770813
0.2610224485397339 0.0385395810008049
0.2640288174152374 0.040461909025907516
0.28863289952278137 0.038285572081804276
0.2719385027885437 0.03381951153278351
0.2526754140853882 0.03697894141077995
0.26979759335517883 0.03579901158809662
0.23952706158161163 0.0342002809047699
0.2517298460006714 0.03493623435497284
0.26650288701057434 0.03358122333884239
0.2833547294139862 0.03451133146882057
0.27659574151039124 0.03471873700618744
0.26972705125808716 0.03599107265472412
0.2577604353427887 0.03745448589324951
0.2562740445137024 0.03216836228966713
0.25719359517097473 0.03677816689014435
0.2699810862541199 0.03490053489804268
0.24346712231636047 0.03237554058432579
0.25857022404670715 0.0311737023293972
0.274645060300827 0.029909800738096237
0.26001325249671936 0.034043315798044205
0.23587538301944733 0.03251757100224495
0.2721308469772339 0.032410718500614166
0.26861852407455444 0.03131827712059021
0.25700023770332336 0.02773388847708702
0.24682755768299103 0.035655148327350616
0.29004934430122375 0.03633475303649902
0.2620236873626709 0.032596297562122345
0.2735864222049713 0.03441790118813515
0.2569012939929962 0.028714099898934364
0.26295924186706543 0.031748417764902115
0.26970067620277405 0.030639750882983208
0.2675991952419281 0.028820281848311424
0.23300282657146454 0.03194442391395569
0.2692107558250427 0.02931836061179638
0.25339940190315247 0.03370261937379837
0.23141655325889587 0.02762540802359581
0.25563186407089233 0.03217140957713127
0.2805113196372986 0.03174211457371712
0.2542535364627838 0.03255641087889671
0.2797878384590149 0.02875135838985443
0.2787763178348541 0.03216925635933876
0.23132416605949402 0.029943380504846573
0.25069230794906616 0.033145807683467865
0.2978937327861786 0.029909534379839897
0.24841509759426117 0.02984388917684555
0.27051466703414917 0.030291929841041565
0.28239330649375916 0.029337480664253235
0.2647162079811096 0.03121267631649971
0.27230578660964966 0.03128949552774429
0.25798335671424866 0.030287519097328186
0.28082889318466187 0.026512574404478073
0.23704782128334045 0.03202638402581215
0.25787198543548584 0.03375530615448952
0.26992979645729065 0.024407699704170227
0.268606960773468 0.02802995778620243
0.27374792098999023 0.02596595138311386
0.25816819071769714 0.02771618217229843
0.24833877384662628 0.028640789911150932
0.23662975430488586 0.027865957468748093
0.2720891535282135 0.0313313864171505
0.2436329573392868 0.02745189517736435
0.2593403458595276 0.027369575574994087
0.23075850307941437 0.02883055992424488
0.25983577966690063 0.02680761180818081
0.2482086569070816 0.023262569680809975
0.2774125635623932 0.026030108332633972
0.250750869512558 0.03276488184928894
0.24520935118198395 0.02708548866212368
0.2652788460254669 0.0263782050460577
0.24434258043766022 0.02572033554315567
0.25602129101753235 0.026165451854467392
0.26263949275016785 0.026986517012119293
0.23037947714328766 0.02377869002521038
0.2886205315589905 0.028784768655896187
0.24202898144721985 0.02710200846195221
0.2777636647224426 0.02384267747402191
0.25651174783706665 0.025294139981269836
0.245431587100029 0.026239877566695213
0.27455976605415344 0.028934631496667862
0.24221856892108917 0.024445345625281334
0.2729070782661438 0.02550884708762169
0.25196346640586853 0.029059747233986855
0.2717827558517456 0.0295362900942564
0.23639269173145294 0.024918029084801674
0.27700892090797424 0.024837270379066467
0.26121455430984497 0.023596057668328285
0.24325786530971527 0.023287558928132057
0.23380456864833832 0.023813243955373764
0.27236494421958923 0.024019405245780945
0.24145540595054626 0.024392366409301758
0.2348708063364029 0.021882854402065277
0.27807536721229553 0.02327382005751133
0.23476184904575348 0.02332126535475254
0.2253735065460205 0.02838415838778019
0.25655949115753174 0.02480027824640274
0.24317573010921478 0.025312503799796104
0.30173733830451965 0.023432254791259766
0.24144484102725983 0.024005861952900887
0.2178042083978653 0.01973690651357174
0.24321171641349792 0.024237075820565224
0.23570182919502258 0.023396307602524757
0.2492794692516327 0.026941396296024323
0.2661626636981964 0.01841016300022602
0.22698533535003662 0.02979578636586666
0.2536037862300873 0.021012481302022934
0.2305789440870285 0.020106127485632896
0.2351195365190506 0.020636016502976418
0.2355550229549408 0.026529815047979355
0.23797419667243958 0.02613440901041031
0.23605290055274963 0.022986125200986862
0.25166401267051697 0.021561529487371445
0.2573901116847992 0.021149208769202232
0.280205100774765 0.023934289813041687
0.24584920704364777 0.021332547068595886
0.257050484418869 0.021170221269130707
0.24467553198337555 0.024321964010596275
0.2919681966304779 0.023600244894623756
0.24870753288269043 0.024111179634928703
0.25741130113601685 0.02279660664498806
0.23939339816570282 0.027721671387553215
0.23318757116794586 0.021277613937854767
0.2602371871471405 0.02149762399494648
0.25178614258766174 0.022464528679847717
0.23349691927433014 0.018358139321208
0.24736115336418152 0.02006087265908718
0.24095796048641205 0.02454448863863945
0.24070356786251068 0.02086026407778263
0.2708187997341156 0.020769763737916946
0.2531599700450897 0.018580712378025055
0.27486422657966614 0.01739395596086979
0.28369686007499695 0.018780037760734558
0.25382736325263977 0.019584450870752335
0.272024005651474 0.020207876339554787
0.2536456286907196 0.021061507984995842
0.2381134331226349 0.01902785338461399
0.23958900570869446 0.021085456013679504
0.23401451110839844 0.02354585938155651
0.252482146024704 0.021416326984763145
0.25478312373161316 0.020196380093693733
0.22069092094898224 0.01632262021303177
0.22394391894340515 0.020047809928655624
0.25938406586647034 0.01949937455356121
0.22846226394176483 0.01860698126256466
0.24154196679592133 0.019113708287477493
0.24615244567394257 0.019132696092128754
0.21853192150592804 0.01839933916926384
0.22679467499256134 0.018758174031972885
0.25501179695129395 0.020066192373633385
0.23430980741977692 0.020497102290391922
0.22161880135536194 0.021645747125148773
0.2622807025909424 0.0197349451482296
0.24586784839630127 0.022644326090812683
0.22424325346946716 0.016606995835900307
0.26150280237197876 0.018319252878427505
0.247886061668396 0.015253172256052494
0.2160700261592865 0.018168017268180847
0.27067431807518005 0.021445034071803093
0.24655966460704803 0.02157766744494438
0.2370602786540985 0.01690560206770897
0.2559138238430023 0.01876014471054077
0.22136926651000977 0.01778830774128437
0.24728262424468994 0.017221054062247276
0.2296881228685379 0.01775885745882988
0.24796605110168457 0.018513716757297516
0.2183205932378769 0.020406782627105713
0.22066257894039154 0.019232191145420074
0.2534435987472534 0.01800657995045185
0.24107888340950012 0.0142129585146904
0.23710091412067413 0.01684749126434326
0.23857279121875763 0.0175174530595541
0.23186847567558289 0.0160457044839859
0.2443760484457016 0.015908610075712204
0.226554274559021 0.019612694159150124
0.23803290724754333 0.019236214458942413
0.24634671211242676 0.018415991216897964
0.24390435218811035 0.013822457753121853
0.24932770431041718 0.01711866445839405
0.22589579224586487 0.01874503120779991
0.22083605825901031 0.016655104234814644
0.2641015946865082 0.021659288555383682
0.2529846429824829 0.01886521652340889
0.20125997066497803 0.016123387962579727
0.2719832956790924 0.015751739963889122
0.24771837890148163 0.01675516366958618
0.2422194480895996 0.01466061919927597
0.26092904806137085 0.02123109996318817
0.24108543992042542 0.015815192833542824
0.2201852649450302 0.018805155530571938
0.24180619418621063 0.018452903255820274
0.2796917259693146 0.01741490326821804
0.21969914436340332 0.01633169874548912
0.2581069767475128 0.014936422929167747
0.2392728179693222 0.01703481748700142
0.22493362426757812 0.01953846588730812
0.22282445430755615 0.012361323460936546
0.27008649706840515 0.017008168622851372
0.24175116419792175 0.018141046166419983
0.2684685289859772 0.014471115544438362
0.2396211326122284 0.015362576581537724
0.287949800491333 0.01915389485657215
0.2186148464679718 0.016476111486554146
0.22932890057563782 0.01570843905210495
0.26187947392463684 0.013348744250833988
0.22257009148597717 0.01554032601416111
0.23139993846416473 0.016609089449048042
0.2392970472574234 0.014273436740040779
0.2500385642051697 0.015391864813864231
0.25067710876464844 0.013451196253299713
0.23044919967651367 0.014304505661129951
0.2421109676361084 0.016798296943306923
0.22641059756278992 0.016405373811721802
0.24954967200756073 0.015924891456961632
0.25640180706977844 0.01630302146077156
0.22289834916591644 0.014112320728600025
0.27035266160964966 0.016552479937672615
0.227058544754982 0.016853690147399902
0.28381791710853577 0.014395312406122684
0.22268018126487732 0.010940037667751312
0.2409113347530365 0.011592562310397625
0.2603294551372528 0.015794074162840843
0.2426859587430954 0.013543828390538692
0.23776939511299133 0.01614557020366192
0.21973273158073425 0.014589115045964718
0.2659173905849457 0.01399805024266243
0.23357871174812317 0.011677855625748634
0.22134678065776825 0.01252786722034216
0.25988009572029114 0.015565012581646442
0.2483506053686142 0.014180765487253666
0.22703984379768372 0.01975279487669468
0.2700626254081726 0.016935206949710846
0.25379639863967896 0.018960092216730118
0.24114522337913513 0.015953699126839638
0.21938857436180115 0.01690450683236122
0.21312423050403595 0.012406433932483196
0.21613989770412445 0.010550797916948795
0.23241420090198517 0.01478028018027544
0.2545795440673828 0.014298200607299805
0.25028228759765625 0.012743597850203514
0.23747016489505768 0.014524598605930805
0.25808098912239075 0.015144630335271358
0.24476473033428192 0.015327733010053635
0.2481614649295807 0.012807105667889118
0.2550893723964691 0.01123166922479868
0.23854783177375793 0.0119962552562356
0.24690726399421692 0.013972299173474312
0.2656885087490082 0.012492052279412746
0.26132068037986755 0.013587669469416142
0.22101850807666779 0.013158504851162434
0.22405941784381866 0.012630178593099117
0.2395641952753067 0.012404561042785645
0.21817977726459503 0.014714070595800877
0.20296689867973328 0.013039244338870049
0.22187788784503937 0.013782522641122341
0.24517185986042023 0.012461842969059944
0.24116918444633484 0.012011589482426643
0.2589547336101532 0.014275993220508099
0.25102731585502625 0.013256525620818138
0.22340822219848633 0.012342802248895168
0.23569153249263763 0.011061008088290691
0.22246554493904114 0.010466493666172028
0.23698465526103973 0.015695611014962196
0.2122831791639328 0.013299080543220043
0.2318848818540573 0.010165693238377571
0.26019662618637085 0.01297326572239399
0.2366616427898407 0.013574576005339622
0.20445680618286133 0.013137338683009148
0.2367534190416336 0.013290990144014359
0.23378248512744904 0.01263733021914959
0.2124999314546585 0.011757662519812584
0.2358330488204956 0.013096758164465427
0.22261036932468414 0.010147213004529476
0.2482607215642929 0.012066550552845001
0.22676406800746918 0.014294052496552467
0.2594570219516754 0.014866425655782223
0.23835766315460205 0.012417118065059185
0.2519439458847046 0.012352482415735722
0.2528831362724304 0.011033550836145878
0.23583324253559113 0.012289052829146385
0.23178020119667053 0.015773553401231766
0.23700368404388428 0.011254390701651573
0.21662913262844086 0.014003144577145576
0.24223865568637848 0.012414736673235893
0.23654229938983917 0.012744025327265263
0.25768011808395386 0.013617179356515408
0.2242363691329956 0.012740942649543285
0.23665960133075714 0.013355623930692673
0.2499494105577469 0.009934000670909882
0.251171737909317 0.015280945226550102
0.23945902287960052 0.012168402783572674
0.22808179259300232 0.014845341444015503
0.2442103624343872 0.012555358931422234
0.265315443277359 0.013910382986068726
0.23756830394268036 0.013997581787407398
0.25377389788627625 0.012269575148820877
0.23208054900169373 0.01200670562684536
0.24655365943908691 0.010783224366605282
0.2163633555173874 0.010028820484876633
0.2162255495786667 0.011355753056704998
0.2306077927350998 0.01162916049361229
0.22862951457500458 0.010107903741300106
0.21632349491119385 0.011549986898899078
0.234220951795578 0.015464883297681808
0.23257175087928772 0.01343828160315752
0.22943095862865448 0.008785773999989033
0.22728610038757324 0.009245340712368488
0.19961676001548767 0.010041369125247002
0.24684737622737885 0.010848873294889927
0.25272974371910095 0.015271149575710297
0.25146377086639404 0.018107570707798004
0.22587473690509796 0.01116118486970663
0.20936790108680725 0.012424003332853317
0.2405514270067215 0.011678933165967464
0.24843741953372955 0.008835594169795513
0.22481127083301544 0.013000445440411568
0.24511919915676117 0.011275259777903557
0.2164236605167389 0.010205406695604324
0.2502191662788391 0.01050510536879301
0.2146148383617401 0.009590744972229004
0.2554403841495514 0.010250772349536419
0.22280943393707275 0.010817043483257294
0.2257547229528427 0.009756864048540592
0.24595825374126434 0.009587843902409077
0.22714769840240479 0.012598074972629547
0.23260654509067535 0.011437845416367054
0.2318211942911148 0.014156071469187737
0.24491532146930695 0.00869042705744505
0.2639957070350647 0.010712722316384315
0.2359258383512497 0.011009885929524899
0.24249455332756042 0.00854780338704586
0.24391208589076996 0.008138766512274742
0.22743795812129974 0.010018806904554367
0.24519850313663483 0.013169623911380768
0.2332620620727539 0.009864835999906063
0.25015076994895935 0.014156951569020748
0.2536439001560211 0.010525686666369438
0.2500852942466736 0.01107212994247675
0.26056933403015137 0.011765980161726475
0.21770396828651428 0.008678913116455078
0.21407289803028107 0.010253610089421272
0.23297765851020813 0.008710433728992939
0.23981842398643494 0.010944901034235954
0.23625747859477997 0.008050265721976757
0.284239798784256 0.010165798477828503
0.24475838243961334 0.009602295234799385
0.22538091242313385 0.010417680256068707
0.2397841215133667 0.013443170115351677
0.19139917194843292 0.008047099225223064
0.20882780849933624 0.009440836496651173
0.2551635801792145 0.0104193314909935
0.21033985912799835 0.008416568860411644
0.22440876066684723 0.00875792931765318
0.2316037267446518 0.008569367229938507
0.24278907477855682 0.008307306095957756
0.23892249166965485 0.011177852749824524
0.2775227725505829 0.011120314709842205
0.26620689034461975 0.012305024079978466
0.23675274848937988 0.010495907627046108
0.2492799013853073 0.010148397646844387
0.22153089940547943 0.006560325622558594
0.21914194524288177 0.008438792079687119
0.20050360262393951 0.009170624427497387
0.23100103437900543 0.012905861251056194
0.23084008693695068 0.012956581078469753
0.21254129707813263 0.009068409912288189
0.2534137964248657 0.008222034201025963
0.22430548071861267 0.007827465422451496
0.24942933022975922 0.008956748992204666
0.24522313475608826 0.008576588705182076
0.2248404324054718 0.010104669257998466
0.22053472697734833 0.009971719235181808
0.26101645827293396 0.010236029513180256
0.262268990278244 0.008898962289094925
0.22137510776519775 0.010606301948428154
0.2521502375602722 0.007773158606141806
0.21623024344444275 0.008293284103274345
0.27418336272239685 0.009539579041302204
0.18586726486682892 0.008951236493885517
0.22961723804473877 0.01023383904248476
0.20192313194274902 0.00922143179923296
0.2070866823196411 0.0077995723113417625
0.24211788177490234 0.009455855004489422
0.23226848244667053 0.007246967405080795
0.25472551584243774 0.008791504427790642
0.22621075809001923 0.008373408578336239
0.22876927256584167 0.010153235867619514
0.24184942245483398 0.008426161482930183
0.20635536313056946 0.012782340869307518
0.22259768843650818 0.007906424812972546
0.2755133807659149 0.009254488162696362
0.24121762812137604 0.009045528247952461
0.26250186562538147 0.011315722018480301
0.2247561365365982 0.007716131396591663
0.21017707884311676 0.006945741828531027
0.21977877616882324 0.006859337445348501
0.21218277513980865 0.008106024004518986
0.3027605414390564 0.009711194783449173
0.22446659207344055 0.010648543946444988
0.22099368274211884 0.008939303457736969
0.2395869344472885 0.0064070820808410645
0.2625579833984375 0.009407399222254753
0.24588558077812195 0.0068950108252465725
0.2165096253156662 0.008397294208407402
0.22849157452583313 0.00819618720561266
0.28165486454963684 0.009880447760224342
0.19615758955478668 0.008016414009034634
0.2296988070011139 0.0077121676877141
0.20013591647148132 0.011535140685737133
0.23246519267559052 0.011361360549926758
0.23831750452518463 0.0063306973315775394
0.24241375923156738 0.008953097276389599
0.20748625695705414 0.00638989731669426
0.2333361655473709 0.009373356588184834
0.19395260512828827 0.01007077842950821
0.21311736106872559 0.006670588627457619
0.1894848346710205 0.00842988956719637
0.22184348106384277 0.007557573728263378
0.2396378070116043 0.0085867028683424
0.2392592579126358 0.009345771744847298
0.23249377310276031 0.0065367259085178375
0.2105114459991455 0.007355427369475365
0.23080037534236908 0.0066990177147090435
0.24819795787334442 0.009523894637823105
0.222096249461174 0.00753742316737771
0.23157553374767303 0.00614552479237318
0.24405451118946075 0.007522032596170902
0.22423268854618073 0.0063000088557600975
0.19320406019687653 0.008451121859252453
0.26340267062187195 0.009013375267386436
0.22748784720897675 0.009074408560991287
0.22294093668460846 0.00621794955804944
0.2118845134973526 0.009235397912561893
0.25933408737182617 0.008781385608017445
0.2270103394985199 0.007646892219781876
0.21741481125354767 0.007556265220046043
0.21494360268115997 0.007345935329794884
0.24724234640598297 0.008752567693591118
0.24406380951404572 0.006019080523401499
0.24347321689128876 0.008566115982830524
0.2650427520275116 0.0074834758415818214
0.21616239845752716 0.009591776877641678
0.23317024111747742 0.006630320101976395
0.255376398563385 0.006818813271820545
0.23817850649356842 0.008477799594402313
0.2632708251476288 0.005096442997455597
0.25904402136802673 0.0097758574411273
0.23167593777179718 0.010826057754456997
0.2412666529417038 0.008890981785953045
0.22045770287513733 0.010973157361149788
0.21485206484794617 0.007191591430455446
0.24719755351543427 0.0078508285805583
0.23248471319675446 0.007462474051862955
0.22137251496315002 0.007709105033427477
0.19926537573337555 0.008674265816807747
0.23935790359973907 0.006354881916195154
0.22702838480472565 0.004954964388161898
0.25220194458961487 0.007073621731251478
0.22269925475120544 0.0070463381707668304
0.22667305171489716 0.008719407953321934
0.21300218999385834 0.006909970194101334
0.22871850430965424 0.005196815822273493
0.24752025306224823 0.007887953892350197
0.24981603026390076 0.007689404301345348
0.21232816576957703 0.006206922698765993
0.23533260822296143 0.0073886774480342865
0.19385814666748047 0.007042958401143551
0.23685884475708008 0.0077399276196956635
0.20532763004302979 0.005997931584715843
0.27146539092063904 0.008477315306663513
0.24572734534740448 0.009387652389705181
0.25592127442359924 0.008047527633607388
0.20658914744853973 0.007735731545835733
0.250262051820755 0.005597868002951145
0.21737238764762878 0.004668572451919317
0.21671386063098907 0.004454554058611393
0.21580342948436737 0.0055804126895964146
0.1968604475259781 0.009306917898356915
0.21222712099552155 0.005411711987107992
0.25787580013275146 0.00633617676794529
0.21521374583244324 0.009236300364136696
0.24529476463794708 0.006590620614588261
0.2292349636554718 0.006377881392836571
0.21596269309520721 0.006597339175641537
0.2159549742937088 0.007587520871311426
0.2268446534872055 0.00619737571105361
0.22623370587825775 0.0071806092746555805
0.26892995834350586 0.007711055222898722
0.24520041048526764 0.005703817121684551
0.2370775192975998 0.0067411987110972404
0.22769741714000702 0.006565007381141186
0.22339577972888947 0.007659977301955223
0.22119344770908356 0.006206488236784935
0.2610023319721222 0.00584852509200573
0.20549775660037994 0.005467744544148445
0.2123035341501236 0.005970039404928684
0.21051542460918427 0.007012509275227785
0.24284255504608154 0.006607118993997574
0.2251417636871338 0.007801414933055639
0.24519537389278412 0.008604338392615318
0.23299548029899597 0.008395405486226082
0.22743679583072662 0.0064534517005085945
0.23071208596229553 0.006663022097200155
0.24754047393798828 0.006726809777319431
0.20787744224071503 0.00710093742236495
0.22857971489429474 0.007084065116941929
0.21168676018714905 0.005422438029199839
0.2559725046157837 0.010006919503211975
0.25664252042770386 0.008667034097015858
0.20026469230651855 0.005485335364937782
0.21416927874088287 0.005299194250255823
0.21346627175807953 0.005172375123947859
0.2177843153476715 0.007448912598192692
0.21009910106658936 0.004655763041228056
0.2630673944950104 0.005405916832387447
0.20858478546142578 0.0055977399460971355
0.2208862602710724 0.004842781461775303
0.2268996387720108 0.006557388696819544
0.2231903374195099 0.0075119477696716785
0.2651159465312958 0.007185474969446659
0.2508954703807831 0.005588481668382883
0.21729637682437897 0.006674429401755333
0.23568806052207947 0.006062504835426807
0.2121727466583252 0.005727496463805437
0.21610777080059052 0.007968856021761894
0.22831976413726807 0.004832257982343435
0.23717565834522247 0.00528735714033246
0.24064120650291443 0.00693142507225275
0.24188721179962158 0.005745175294578075
0.24874840676784515 0.007314988411962986
0.28008219599723816 0.006206309422850609
0.24244391918182373 0.00933864340186119
0.24548615515232086 0.00687012355774641
0.23191006481647491 0.006267015356570482
0.23459264636039734 0.00527609046548605
0.20937417447566986 0.006444630213081837
0.23801006376743317 0.007844878360629082
0.27111324667930603 0.007345940452069044
0.2625775933265686 0.0070995972491800785
0.19492872059345245 0.005988978315144777
0.2550702691078186 0.007236211095005274
0.2861029803752899 0.00515538128092885
0.20537011325359344 0.0064577339217066765
0.20601029694080353 0.004990631248801947
0.2550975978374481 0.005427769385278225
0.2442854642868042 0.006295231636613607
0.22389808297157288 0.009768353775143623
0.22713014483451843 0.005113773047924042
0.2552630305290222 0.004186172038316727
0.23587147891521454 0.006003938149660826
0.24719741940498352 0.004720388911664486
0.22254998981952667 0.0043406798504292965
0.236840158700943 0.0044119469821453094
0.20659072697162628 0.0057513536885380745
0.22301515936851501 0.004632007796317339
0.19369949400424957 0.0046540917828679085
0.2622086703777313 0.00773546751588583
0.22114072740077972 0.007324610371142626
0.21332132816314697 0.007704443298280239
0.21920563280582428 0.005129202734678984
0.2131694257259369 0.004465981386601925
0.21766145527362823 0.004357609897851944
0.2513573467731476 0.006249879952520132
0.23217035830020905 0.008529153652489185
0.21735955774784088 0.00533247971907258
0.22198320925235748 0.006748509593307972
0.21654780209064484 0.007582919206470251
0.2236996591091156 0.005088234785944223
0.19821670651435852 0.0034356380347162485
0.23491542041301727 0.0044583044946193695
0.20902596414089203 0.005260862875729799
0.20164236426353455 0.004628896247595549
0.24432142078876495 0.004882182460278273
0.21872447431087494 0.004965621512383223
0.23380663990974426 0.004282740410417318
0.22442078590393066 0.005972942337393761
0.22393763065338135 0.005697780754417181
0.23701509833335876 0.004584252834320068
0.22514517605304718 0.0048285797238349915
0.1822202354669571 0.0035841460339725018
0.19105006754398346 0.0036777150817215443
0.2177772969007492 0.00436587305739522
0.24257183074951172 0.005169796757400036
0.21440617740154266 0.004747352562844753
0.2173256129026413 0.0049811238422989845
0.22531934082508087 0.008507810533046722
0.2307993620634079 0.004396818578243256
0.18192216753959656 0.0036797155626118183
0.22668446600437164 0.0031807096675038338
0.23760129511356354 0.0040456438437104225
0.2248513400554657 0.006576688028872013
0.2411346435546875 0.011066479608416557
0.21572943031787872 0.007639644201844931
0.2084156572818756 0.006899600848555565
0.20739437639713287 0.004641176201403141
0.22376176714897156 0.004951121751219034
0.21714834868907928 0.004980903584510088
0.22956261038780212 0.007237160578370094
0.23532512784004211 0.006618979386985302
0.2381080538034439 0.008599053137004375
0.2066689431667328 0.00651452736929059
0.2244671881198883 0.0044129411689937115
0.2566390335559845 0.004698969889432192
0.2060772329568863 0.004211864434182644
0.22646231949329376 0.0034538735635578632
0.23035511374473572 0.00423792889341712
0.2180110663175583 0.004924010019749403
0.21469059586524963 0.0033253254368901253
0.23388154804706573 0.007373318076133728
0.20449213683605194 0.0041419826447963715
0.20882026851177216 0.006134497467428446
0.21619752049446106 0.004721734672784805
0.2141842097043991 0.006337988190352917
0.19748321175575256 0.003785080509260297
0.230291485786438 0.004617913626134396
0.21345627307891846 0.00516534224152565
0.20805370807647705 0.008146880194544792
0.21819902956485748 0.006128373555839062
0.25071266293525696 0.006959716323763132
0.22047145664691925 0.004061446059495211
0.27479466795921326 0.007093499880284071
0.2286386638879776 0.004984385799616575
0.22561128437519073 0.006387199740856886
0.25766998529434204 0.005610089749097824
0.20054946839809418 0.006107095628976822
0.24217411875724792 0.0034999947529286146
0.2254284769296646 0.005390345584601164
0.21934230625629425 0.0031026762444525957
0.21016089618206024 0.0033754375763237476
0.19581475853919983 0.0036433693021535873
0.24386917054653168 0.0038297204300761223
0.25503745675086975 0.0044862194918096066
0.18767216801643372 0.00385546893812716
0.22417967021465302 0.0030881830025464296
0.2359020709991455 0.003288085339590907
0.25433000922203064 0.005782176740467548
0.2635611891746521 0.005411232355982065
0.2439498007297516 0.0059823691844940186
0.20288144052028656 0.004648210015147924
0.2545919716358185 0.008768228814005852
0.2700093686580658 0.0058405157178640366
0.2836150527000427 0.007994608022272587
0.23423777520656586 0.006574710365384817
0.20652535557746887 0.0028330401983112097
0.21861937642097473 0.0035979056265205145
0.20344486832618713 0.005554174538701773
0.23928169906139374 0.004873305559158325
0.21080122888088226 0.0046839225105941296
0.23440015316009521 0.005296395160257816
0.24270522594451904 0.005235921125859022
0.20465674996376038 0.0038217082619667053
0.23058199882507324 0.005952472332865
0.22896990180015564 0.006294358521699905
0.23529717326164246 0.004672831390053034
0.2179061621427536 0.0035271723754704
0.2317662537097931 0.003913731314241886
0.2086752951145172 0.0038438234478235245
0.20901396870613098 0.002686138032004237
0.20803682506084442 0.004115629941225052
0.20597994327545166 0.004291833844035864
0.21295976638793945 0.002481935080140829
0.2453390508890152 0.0037696112412959337
0.24609772861003876 0.0036435106303542852
0.23159924149513245 0.004226286429911852
0.20534168183803558 0.004043308552354574
0.2235228717327118 0.002696536248549819
0.24477078020572662 0.0043756067752838135
0.2206791788339615 0.003550829365849495
0.2658468782901764 0.0031325945165008307
0.21874283254146576 0.005337785929441452
0.2231568992137909 0.004426902160048485
0.21769054234027863 0.003547356929630041
0.21142101287841797 0.002556632040068507
0.22916844487190247 0.003871988970786333
0.28492066264152527 0.006589885801076889
0.1968393325805664 0.005269532557576895
0.216745063662529 0.003421778092160821
0.2339637130498886 0.00522185955196619
0.21361327171325684 0.0038989437744021416
0.24939031898975372 0.0073095099069178104
0.21580220758914948 0.0036612192634493113
0.20227859914302826 0.0027705568354576826
0.23643840849399567 0.0038741326425224543
0.22772131860256195 0.003643060103058815
0.22023248672485352 0.004548118449747562
0.23226921260356903 0.004348399583250284
0.25091931223869324 0.004079591482877731
0.2534840703010559 0.00516560859978199
0.22975613176822662 0.002518237102776766
0.23773372173309326 0.0033427265007048845
0.24203363060951233 0.00461684912443161
0.20169366896152496 0.004280054941773415
0.22234587371349335 0.005457537714391947
0.21381357312202454 0.005944125819951296
0.2409343421459198 0.003886680817231536
0.23617945611476898 0.005616871640086174
0.24949602782726288 0.007077058777213097
0.20645229518413544 0.0028090928681194782
0.21366144716739655 0.0038337239529937506
0.1975051611661911 0.004599639680236578
0.20148594677448273 0.002877785125747323
0.23548510670661926 0.003610913874581456
0.23456425964832306 0.004581984132528305
0.21947768330574036 0.0035379845649003983
0.22369623184204102 0.004891638644039631
0.26724177598953247 0.006247247103601694
0.2244400531053543 0.006802328396588564
0.24550588428974152 0.004955919925123453
0.21571412682533264 0.00492698373273015
0.23534081876277924 0.004702307283878326
0.22347557544708252 0.0035384162329137325
0.20904231071472168 0.004612347576767206
0.2151881754398346 0.0029632975347340107
0.2269143909215927 0.0036656586453318596
0.19459126889705658 0.0027159436140209436
0.20379973948001862 0.0029869715217500925
0.22686585783958435 0.0034779254347085953
0.22064514458179474 0.004639190621674061
0.22280634939670563 0.005074185319244862
0.2160443812608719 0.002896795980632305
0.20292703807353973 0.0032475118059664965
0.229324072599411 0.0037639308720827103
0.23757724463939667 0.003689119126647711
0.21340611577033997 0.0033093271777033806
0.24735066294670105 0.0031279169488698244
0.2044374793767929 0.0031887346412986517
0.23030534386634827 0.003695631632581353
0.23131699860095978 0.005716849584132433
0.21126379072666168 0.0033420268446207047
0.24034908413887024 0.0052801137790083885
0.20182715356349945 0.005264293402433395
0.19551698863506317 0.004384480882436037
0.23100486397743225 0.004663786385208368
0.22625578939914703 0.0034315374214202166
0.2382037192583084 0.004007688723504543
0.22836793959140778 0.0030265706591308117
0.1991533786058426 0.003494072472676635
0.23664245009422302 0.004197872243821621
0.21472790837287903 0.004784724675118923
0.1856512725353241 0.004557821899652481
0.20986734330654144 0.004239975940436125
0.2019573152065277 0.0023850600700825453
0.18508970737457275 0.002665915759280324
0.216134175658226 0.003381070913746953
0.20844490826129913 0.003853345988318324
0.2506086528301239 0.002484843833371997
0.1923869103193283 0.004573931451886892
0.23819778859615326 0.00589246628805995
0.2497483640909195 0.006072212476283312
0.2350652664899826 0.007303782273083925
0.23102101683616638 0.009323157370090485
0.23008416593074799 0.006778104696422815
0.24087579548358917 0.003935057669878006
0.2306763380765915 0.002451083855703473
0.1896759569644928 0.0031793219968676567
0.18732857704162598 0.004088743589818478
0.23055389523506165 0.004330603871494532
0.21779479086399078 0.0029006716795265675
0.23856177926063538 0.003413933329284191
0.23543019592761993 0.00407134834676981
0.22825993597507477 0.0035175953526049852
0.20167626440525055 0.0035436328034847975
0.199599489569664 0.004477492533624172
0.201330304145813 0.004512878600507975
0.20984801650047302 0.004391912370920181
0.2262554168701172 0.004142036195844412
0.23568212985992432 0.004242869559675455
0.20105178654193878 0.006546923890709877
0.23227344453334808 0.003403119742870331
0.1818167269229889 0.002542882924899459
0.24106799066066742 0.005762096494436264
0.2338189035654068 0.0052579427137970924
0.195501446723938 0.004631934687495232
0.2213028371334076 0.0027909500058740377
0.22742749750614166 0.0033739234786480665
0.23570629954338074 0.003369367215782404
0.1771647036075592 0.0021551051177084446
0.19707927107810974 0.003390856785699725
0.2395354062318802 0.0027957356069236994
0.23159201443195343 0.00321930181235075
0.22028863430023193 0.003891199827194214
0.2045692503452301 0.0037095199804753065
0.18623188138008118 0.006669504102319479
0.22919154167175293 0.0033902816940099
0.2296421229839325 0.0032205586321651936
0.24658027291297913 0.00314880907535553
0.21703112125396729 0.003392057493329048
0.2015482634305954 0.0030343036632984877
0.18809540569782257 0.005091208033263683
0.20706550776958466 0.0027954522520303726
0.18199554085731506 0.003498757490888238
0.22391174733638763 0.003125762566924095
0.23830434679985046 0.0025216182693839073
0.21630750596523285 0.004242603667080402
0.1966276466846466 0.003425980918109417
0.23576824367046356 0.004620299208909273
0.20901177823543549 0.0040150899440050125
0.21929802000522614 0.003900520969182253
0.19801156222820282 0.0032892930321395397
0.20719978213310242 0.002454611472785473
0.22277887165546417 0.0071617909707129
0.2097349911928177 0.0024469788186252117
0.22077400982379913 0.004342267755419016
0.22897231578826904 0.0038178961258381605
0.2366950660943985 0.004237005952745676
0.21795658767223358 0.0036448559258133173
0.2094711810350418 0.005069768987596035
0.24445155262947083 0.004824337549507618
0.24362967908382416 0.0040515405125916
0.23872782289981842 0.0031946557573974133
0.20370085537433624 0.004542648326605558
0.18858394026756287 0.002800017362460494
0.24997004866600037 0.002770796651020646
0.2289227545261383 0.0038055290933698416
0.2530641555786133 0.006390505004674196
0.21285466849803925 0.0041768476366996765
0.29183563590049744 0.005964263342320919
0.224821999669075 0.006435041781514883
0.21328388154506683 0.004012699238955975
0.2466379851102829 0.0028480126056820154
0.21141317486763 0.0028026364743709564
0.216096892952919 0.0037005916237831116
0.2096375972032547 0.0029997224919497967
0.2608228623867035 0.0025578774511814117
0.23855218291282654 0.002178685739636421
0.22404006123542786 0.0030784804839640856
0.1698976457118988 0.0034611839801073074
0.23551984131336212 0.0026562337297946215
0.22220945358276367 0.003949095960706472
0.2102079540491104 0.0045713200233876705
0.23646624386310577 0.003983800299465656
0.20998822152614594 0.0028869169764220715
0.19914722442626953 0.0020543038845062256
0.19493362307548523 0.0015477010747417808
0.22769178450107574 0.002216251567006111
0.23888416588306427 0.0015177371678873897
0.22197094559669495 0.0025454459246248007
0.1956787407398224 0.0026747439987957478
0.22424907982349396 0.002507271943613887
0.19662682712078094 0.003500227117910981
0.22937799990177155 0.003024275880306959
0.21080628037452698 0.00381265114992857
0.20301032066345215 0.0033257598988711834
0.2153863161802292 0.0030056501273065805
0.20473459362983704 0.0034144092351198196
0.21896421909332275 0.002537250518798828
0.2637757956981659 0.0029601706191897392
0.21784505248069763 0.002749460283666849
0.21944507956504822 0.0021324025001376867
0.2205764800310135 0.0035358178429305553
0.191792294383049 0.0035087030846625566
0.27391737699508667 0.006648377515375614
0.1989181935787201 0.0076188379898667336
0.2568596303462982 0.004464352037757635
0.2509940564632416 0.003330433275550604
0.2243649810552597 0.004348425194621086
0.19429418444633484 0.0017293936107307673
0.21277324855327606 0.0023229310754686594
0.22098977863788605 0.002240157453343272
0.18740816414356232 0.0025001000612974167
0.20095780491828918 0.0020554261282086372
0.25068217515945435 0.002814662177115679
0.2071003019809723 0.0038736090064048767
0.22118635475635529 0.0045364839024841785
0.22313345968723297 0.003245922736823559
0.1964159905910492 0.002468358026817441
0.2336762696504593 0.0047402516938745975
0.24392163753509521 0.0033089134376496077
0.2291780412197113 0.0044691115617752075
0.21289876103401184 0.002917981706559658
0.20774301886558533 0.002784760668873787
0.2215171903371811 0.002665140200406313
0.20413711667060852 0.001922564348205924
0.17668388783931732 0.0013025696389377117
0.20355984568595886 0.0016686045564711094
0.19739492237567902 0.0022185705602169037
0.21113349497318268 0.0024898070842027664
0.21053563058376312 0.003215932520106435
0.24291829764842987 0.003926140256226063
0.22381636500358582 0.0026411141734570265
0.21300269663333893 0.001628003316000104
0.19987083971500397 0.003682365408167243
0.23611155152320862 0.003723571775481105
0.22624829411506653 0.004063642583787441
0.20667493343353271 0.003146248869597912
0.19826947152614594 0.002919345861300826
0.20926253497600555 0.0030390333849936724
0.2514186203479767 0.0024940427392721176
0.19479478895664215 0.002870772499591112
0.24748650193214417 0.001936590764671564
0.19739815592765808 0.003479096107184887
0.26434749364852905 0.003892048727720976
0.20299111306667328 0.003727960167452693
0.2046840637922287 0.00412271823734045
0.22027747333049774 0.0021530850790441036
0.2092668116092682 0.0023646317422389984
0.20453234016895294 0.001412140321917832
0.23006559908390045 0.0022602034732699394
0.20432992279529572 0.0024418130051344633
0.19196541607379913 0.0019606938585639
0.2522273659706116 0.003086632816120982
0.22676275670528412 0.002745961770415306
0.18628378212451935 0.006922269705682993
0.24024999141693115 0.004211100284010172
0.21434010565280914 0.0022813326213508844
0.24522873759269714 0.0019245743751525879
0.2134048491716385 0.002722374862059951
0.20967988669872284 0.0032748363446444273
0.19651459157466888 0.0023791524581611156
0.22630061209201813 0.0028271647170186043
0.2632247507572174 0.002557318191975355
0.21841666102409363 0.002118882955983281
0.2771187126636505 0.005752585828304291
0.1940344125032425 0.004046936519443989
0.2622937560081482 0.00164795049931854
0.2141214907169342 0.0017942257691174746
0.21061518788337708 0.0022475305013358593
0.20164069533348083 0.0031358464621007442
0.21020741760730743 0.004575561732053757
0.23787274956703186 0.00280283042229712
0.2002892643213272 0.002664286410436034
0.25733819603919983 0.003024168312549591
0.19839787483215332 0.002144854748621583
0.1667877435684204 0.0028445664793252945
0.2112329751253128 0.0029830499552190304
0.21624800562858582 0.002644071588292718
0.21665391325950623 0.0024277344346046448
0.21611981093883514 0.0030161584727466106
0.2211289405822754 0.0024384884163737297
0.2100803405046463 0.0025024234782904387
0.2410954087972641 0.0030419358517974615
0.21344438195228577 0.003991051577031612
0.21628953516483307 0.003518896410241723
0.22699184715747833 0.0023731745313853025
0.2438962757587433 0.004311155527830124
0.21791279315948486 0.005823715124279261
0.21637065708637238 0.002831280929967761
0.18004165589809418 0.0031393636018037796
0.20975182950496674 0.0025505407247692347
0.2528025805950165 0.0035683505702763796
0.19570672512054443 0.0033023532014340162
0.22223471105098724 0.002987915650010109
0.2621079385280609 0.002014470985159278
0.2070751190185547 0.0034249871969223022
0.2145659625530243 0.00765999173745513
0.23752735555171967 0.001888768863864243
0.2183055579662323 0.0013323373859748244
0.2492862045764923 0.0023195366375148296
0.2349248230457306 0.003585916245356202
0.2277994453907013 0.0032990912441164255
0.17572179436683655 0.002307264367118478
0.22220362722873688 0.0028087834361940622
0.19470299780368805 0.003511067945510149
0.2447395622730255 0.005291625391691923
0.19006119668483734 0.0018097677966579795
0.2221752405166626 0.0029318693559616804
0.22807905077934265 0.003879917785525322
0.2477145493030548 0.0020221122540533543
0.17965827882289886 0.0023324470967054367
0.209754079580307 0.003717300482094288
0.204421266913414 0.0022117665503174067
0.20718586444854736 0.001489264308474958
0.21691298484802246 0.0020963544957339764
0.21614407002925873 0.0019296641694381833
0.19601549208164215 0.0013511807192116976
0.2368929237127304 0.002031636191532016
0.21450230479240417 0.0016332610975950956
0.2144159972667694 0.00238381652161479
0.22636587917804718 0.0034632431343197823
0.2602997422218323 0.0020738716702908278
0.20226646959781647 0.002520910929888487
0.2010435163974762 0.002314263256266713
0.20037415623664856 0.0017411602893844247
0.24884961545467377 0.004301568027585745
0.21896979212760925 0.0021099746227264404
0.19013383984565735 0.0019482794450595975
0.22815565764904022 0.003321135649457574
0.19372595846652985 0.0016960034845396876
0.20763905346393585 0.0020386073738336563
0.2383558750152588 0.003323968732729554
0.22462140023708344 0.0020779778715223074
0.20492838323116302 0.0014259585877880454
0.23801852762699127 0.002239794936031103
0.18257252871990204 0.0017027867725118995
0.19607816636562347 0.0014332490973174572
0.1992526799440384 0.002119393553584814
0.19757728278636932 0.003208159701898694
0.19697463512420654 0.002278826665133238
0.21156267821788788 0.0020277772564440966
0.20728325843811035 0.0029401930514723063
0.2557528018951416 0.002597783925011754
0.19792130589485168 0.0017751831328496337
0.22748254239559174 0.0045868712477386
0.21356558799743652 0.0036430691834539175
0.20490360260009766 0.004655566066503525
0.19824394583702087 0.0015311925671994686
0.2252790778875351 0.002580610802397132
0.191157728433609 0.0023793410509824753
0.23066864907741547 0.0045028263702988625
0.22059710323810577 0.0018919268622994423
0.20411045849323273 0.0031923907808959484
0.24712805449962616 0.004763165954500437
0.24557903409004211 0.005280301906168461
0.207121342420578 0.0022950770799070597
0.20423316955566406 0.002542236354202032
0.17646880447864532 0.0017887214198708534
0.20611687004566193 0.0012606697855517268
0.21541841328144073 0.0016708510229364038
0.2531495988368988 0.0018767189467325807
0.22524215281009674 0.002689715474843979
0.2031351774930954 0.0014205330517143011
0.2427448332309723 0.0020437382627278566
0.1986393928527832 0.0027538773138076067
0.24566295742988586 0.00459454907104373
0.19115304946899414 0.0031012215185910463
0.21404556930065155 0.0018901764415204525
0.19251810014247894 0.0013945552054792643
0.17436157166957855 0.0012080096639692783
0.19905371963977814 0.0026930407620966434
0.1982342153787613 0.0027340357191860676
0.21812668442726135 0.001604177406989038
0.2117924988269806 0.0029404822271317244
0.22517426311969757 0.00321097276173532
0.2048608809709549 0.0017273222329095006
0.24145223200321198 0.002195554319769144
0.19531592726707458 0.0021182529162615538
0.17700539529323578 0.001962977694347501
0.2321479767560959 0.0025676845107227564
0.24692998826503754 0.0030455670785158873
0.21271458268165588 0.0032672903034836054
0.19936905801296234 0.0028601479716598988
0.2566233277320862 0.00327576557174325
0.19828948378562927 0.005203401669859886
0.2074103206396103 0.003604600904509425
0.24273566901683807 0.002531785052269697
0.1913997232913971 0.0010327420895919204
0.20288552343845367 0.004506374709308147
0.2515110373497009 0.00123778753913939
0.2050110548734665 0.002174707828089595
0.19107647240161896 0.0014062182744964957
0.19371245801448822 0.0018867013277485967
0.21744410693645477 0.002531572710722685
0.21413841843605042 0.0013375722337514162
0.1945025622844696 0.0026179414708167315
0.23306022584438324 0.0035395275335758924
0.2128516584634781 0.0031170735601335764
0.19590730965137482 0.0033459130208939314
0.22291657328605652 0.0013840730534866452
0.2160547971725464 0.0019860866013914347
0.2133171707391739 0.004238561261445284
0.19768348336219788 0.0014924874994903803
0.20162750780582428 0.0028394705150276423
0.23047015070915222 0.002453093184158206
0.2156355082988739 0.002950448077172041
0.20225106179714203 0.001978685148060322
0.23907718062400818 0.00263049453496933
0.23761163651943207 0.0024045726750046015
0.21105916798114777 0.003755138721317053
0.24428007006645203 0.002176133682951331
0.23275981843471527 0.0014613622333854437
0.21980710327625275 0.0018297175411134958
0.19758476316928864 0.0027315260376781225
0.20330879092216492 0.0019451683619990945
0.20479951798915863 0.001695416634902358
0.21303652226924896 0.0013518071500584483
0.24051840603351593 0.004620817024260759
0.22146522998809814 0.0032817949540913105
0.22960297763347626 0.004674534313380718
0.21381552517414093 0.00463447067886591
0.22732937335968018 0.0030172611586749554
0.20166826248168945 0.0033530837390571833
0.20135881006717682 0.0011957446113228798
0.2356254607439041 0.001547014806419611
0.21750259399414062 0.0028494352009147406
0.23629607260227203 0.0030089751817286015
0.23473474383354187 0.004120002966374159
0.21667897701263428 0.0019389488734304905
0.30686989426612854 0.005427956115454435
0.2443217784166336 0.002310029696673155
0.20936807990074158 0.0018894156673923135
0.21447432041168213 0.002570680109784007
0.22793617844581604 0.0019992562010884285
0.19683949649333954 0.0013456059386953712
0.25396206974983215 0.0018416921375319362
0.23990800976753235 0.002044857945293188
0.22745081782341003 0.002673645969480276
0.20308685302734375 0.002111718524247408
0.2332853078842163 0.00330351828597486
0.21972157061100006 0.002014791825786233
0.22893086075782776 0.00281316670589149
0.1997624635696411 0.001244396553374827
0.24244113266468048 0.0017641541780903935
0.24138061702251434 0.003660943591967225
0.21681861579418182 0.003478977596387267
0.22237877547740936 0.0029386705718934536
0.23296305537223816 0.0014818282797932625
0.20925070345401764 0.002800869522616267
0.22210463881492615 0.0021158461458981037
0.18661744892597198 0.0019998063798993826
0.23235854506492615 0.002176111564040184
0.22135725617408752 0.0016130866715684533
0.19578345119953156 0.0031292715575546026
0.18920578062534332 0.001127692055888474
0.24043689668178558 0.0013677846873179078
0.24372592568397522 0.0015210346318781376
0.20549240708351135 0.003299819538369775
0.2019561380147934 0.0017774493899196386
0.24285109341144562 0.004167868290096521
0.2429145723581314 0.0012290707090869546
0.2057843655347824 0.0021841046400368214
0.23144933581352234 0.003641565563157201
0.24588021636009216 0.0009645025129429996
0.2187458723783493 0.002448241924867034
0.20417210459709167 0.0016020518960431218
0.25400957465171814 0.006175955291837454
0.25077903270721436 0.0031963770743459463
0.24481667578220367 0.002918630139902234
0.22057120501995087 0.001804251573048532
0.2334536612033844 0.0017797803739085793
0.2233753502368927 0.00206165574491024
0.21226124465465546 0.0036470971535891294
0.22146929800510406 0.0022486511152237654
0.21220436692237854 0.0027631272096186876
0.21819914877414703 0.0023725731298327446
0.21384389698505402 0.004080892074853182
0.23751972615718842 0.0019434368005022407
0.19609498977661133 0.0019062829669564962
0.218098983168602 0.0010181103134527802
0.23442648351192474 0.002464140532538295
0.19607014954090118 0.001508897403255105
0.24217237532138824 0.001750364899635315
0.23557142913341522 0.0016281503485515714
0.21033735573291779 0.0015338739613071084
0.1781831532716751 0.001127814524807036
0.27007991075515747 0.0030174595303833485
0.219013050198555 0.0022411819081753492
0.26712530851364136 0.0025247964076697826
0.24669085443019867 0.001741074025630951
0.2288452684879303 0.0014333700528368354
0.19034655392169952 0.0012036203406751156
0.17381814122200012 0.0005971257342025638
0.18422432243824005 0.0037475477438420057
0.1951208859682083 0.0011128719197586179
0.21369297802448273 0.0009913942776620388
0.22168132662773132 0.0016362640308216214
0.1900094896554947 0.001533371047116816
0.21052508056163788 0.0019148734863847494
0.21907086670398712 0.0013268537586554885
0.24277403950691223 0.002339058555662632
0.2123802751302719 0.0020977105014026165
0.24776117503643036 0.0015551457181572914
0.20664827525615692 0.0023265760391950607
0.25348910689353943 0.0023348252288997173
0.2317049205303192 0.002733808010816574
0.2453944832086563 0.005247755907475948
0.1834479570388794 0.0024035689420998096
0.21736536920070648 0.0016468303510919213
0.2379523664712906 0.002958670724183321
0.19538521766662598 0.00377476098947227
0.21912135183811188 0.0021199104376137257
0.2069806307554245 0.0011379581410437822
0.24722453951835632 0.001716658822260797
0.2035541534423828 0.002075862605124712
0.24843133985996246 0.0038600596599280834
0.22076985239982605 0.0019674638751894236
0.24032148718833923 0.0020124332513660192
0.2292851060628891 0.0025653536431491375
0.2226984053850174 0.003108655335381627
0.210518017411232 0.00255436054430902
0.17992904782295227 0.003024566685780883
0.229629248380661 0.002284667920321226
0.21540187299251556 0.0010195180075243115
0.20486867427825928 0.0014096414670348167
0.1970212459564209 0.0011539515107870102
0.20225019752979279 0.0012112492695450783
0.1845533847808838 0.001365968375466764
0.23407414555549622 0.00199757213704288
0.23249705135822296 0.0032106544822454453
0.17837537825107574 0.0010534204775467515
0.20167693495750427 0.0009160334593616426
0.20094092190265656 0.001712124445475638
0.19515757262706757 0.002325173933058977
0.197846919298172 0.002056809840723872
0.180068239569664 0.0025599615182727575
0.21082140505313873 0.0012198187178000808
0.21096491813659668 0.0012320586247369647
0.21263305842876434 0.0013237374369055033
0.19870319962501526 0.001909460872411728
0.24971985816955566 0.003533122828230262
0.21085521578788757 0.0028831176459789276
0.21853874623775482 0.0018619641195982695
0.18728169798851013 0.0011128486366942525
0.18165497481822968 0.0023317092563956976
0.1614793986082077 0.0013333255192264915
0.22889254987239838 0.0008414164185523987
0.21708248555660248 0.0012964560883119702
0.23710359632968903 0.0014902143739163876
0.2650812268257141 0.002988053485751152
0.22763600945472717 0.004731855820864439
0.2385452687740326 0.001712934230454266
0.19162799417972565 0.0014604555908590555
0.22570209205150604 0.0016899887705221772
0.24852430820465088 0.001793699455447495
0.2358689308166504 0.002570192562416196
0.22392942011356354 0.001414584112353623
0.19280949234962463 0.0018744462868198752
0.2009979486465454 0.002384725958108902
0.22345149517059326 0.001605540164746344
0.2168186604976654 0.0018685488030314445
0.24768806993961334 0.0012263357639312744
0.2394702434539795 0.0030244651716202497
0.21903420984745026 0.0012645437382161617
0.2556731402873993 0.002842520596459508
